id xcentroid ycentroid peak flux mag RA DEC
1 272.3828946467048 9.205824225107744 3761.0 4.088964012702387 -1.5290332207771655 37.52391174975462 26.536974871737396
2 472.2176835980216 9.752366241878953 2743.0 3.020249251912454 -1.2001069635711397 37.6660018208893 26.910237179626538
3 641.9600324301687 17.950899304360508 8371.0 8.627832110557618 -2.3397542138834644 37.772762743842335 27.23263461425124
4 454.50537623665883 19.2777219131314 11074.0 12.92015409556095 -2.7781692335386694 37.6361617925359 26.88376746034725
5 123.7944984775359 27.396156209847472 7489.0 8.396341200945715 -2.3102251965830427 37.384760312813825 26.272281366955717
6 523.6928225448002 28.078710819016322 1125.0 1.4977444194457465 -0.4385942752404943 37.66984374272969 27.018949190733814
7 620.0406988931229 33.77429279014367 2815.0 2.994456694289769 -1.1907950917915242 37.728565566575455 27.20266588552742
8 245.5060676184203 43.54814375762664 851.0 1.1840311828897394 -0.18340785051668712 37.442805829373036 26.510549888476422
9 314.0893071959818 61.175411021729175 1858.0 2.095805744555332 -0.8033775660352644 37.46015583581746 26.650702041337286
10 87.23410332258693 82.51955896939239 853.0 1.0915510613193629 -0.09511014060890068 37.25928697628825 26.242144306262077
11 487.80262430743153 94.72417333255612 7566.0 9.098528784554256 -2.3974279334387867 37.52409480251054 26.9980229918316
12 295.03252897238434 101.08213813885733 1625.0 1.70555918142446 -0.5796669841168918 37.374625260120744 26.64271330278048
13 307.4695368106609 105.70010943165649 1935.0 2.513225629160494 -1.000578699695367 37.37521106074561 26.669110762563122
14 253.69400441218025 111.93857460321964 1194.0 1.4245305741840448 -0.3841794369519469 37.32547193854227 26.573077499681254
15 461.8782810377135 112.22080369912793 2076.0 2.1369479328554304 -0.8244848515624297 37.474016069712945 26.961737052016208
16 232.7762167365752 116.2315978214108 886.0 1.08175944532089 -0.08532673976203045 37.30276224354282 26.53701158110777
17 80.21212370812005 118.03248728783655 948.0 1.1157360775024703 -0.11890369071604426 37.19028772538271 26.253576516570455
18 165.8704325595119 122.94153149632959 962.0 1.0021220200209788 -0.0023015128984954156 37.24277304152332 26.41680345395205
19 362.50814610018665 131.30905807288588 2880.0 3.4090690182851913 -1.3315894845601899 37.36848566881844 26.789503450289104
20 325.6932582306438 135.80334979175095 2824.0 3.281251220381061 -1.290098705688156 37.33403165802129 26.723913150917483
21 558.9233204537015 152.98474010499106 1614.0 1.631623309613691 -0.5315497527126208 37.47006611399828 27.170982462178753
22 237.32884359998144 155.240607853317 994.0 1.263844524704597 -0.2542341282680096 37.23575227776948 26.572456955514788
23 277.9983073601521 167.6892263229816 1514.0 1.5939239953923323 -0.5061690216830413 37.24244565392402 26.65694518388372
24 83.07005400275308 170.37541809094418 1146.0 1.2054725727866467 -0.2028933341231277 37.09804515247978 26.295071713026818
25 731.6138992134867 171.90094791895157 12983.0 15.329418337111269 -2.963814190499368 37.55963141516022 27.506285759266845
26 308.5134599218789 173.84509992692034 6345.0 7.322349056828357 -2.1616260697088823 37.253204438283184 26.71813832600191
27 424.6167914595752 181.03865739831977 27274.0 33.54200517903014 -3.81397255415442 37.32337206320951 26.939752921286477
28 16.750082691433224 182.54029834285794 2060.0 2.353409452888322 -0.9292437338559189 37.02864901909518 26.17972537590617
29 216.21175153834002 196.94533566727983 32312.0 34.89511265248129 -3.8569115117610058 37.1455077343221 26.561865936427576
30 5.9317214000369995 202.0121782787437 2226.0 2.3545279395654513 -0.9297596207089143 36.98582748508246 26.17299131894867
31 85.04508600075279 204.22483386578904 7480.0 8.002317316113523 -2.258039421189307 37.03848403560753 26.322142753360442
32 595.1422069453744 224.50069838723232 1257.0 1.4889777362310266 -0.43222051015562724 37.36717116774547 27.287974190942638
33 62.941369281737835 236.61884834442657 18847.0 21.061768488538632 -3.3087370867067194 36.964305101733146 26.30327819236056
34 489.5418125493861 237.45402870818702 781.0 1.055280544147123 -0.058419828179770095 37.26823136340555 27.09987668043382
35 341.8750955828678 240.51066099597492 3504.0 4.454261572988003 -1.621939292617137 37.15700114033383 26.826447508825428
36 620.536747291549 243.62315459908064 852.0 1.0548314105100565 -0.05795763407028167 37.35090622165457 27.348570731936572
37 641.0723660063078 245.04102422014734 5588.0 5.884468271594191 -1.9242680638086072 37.36305489200521 27.387869047123516
38 280.8902817367662 248.05164252511335 1249.0 1.4574199472486344 -0.4089617732037302 37.09975412130851 26.71786185470456
39 365.29871768426125 265.03229990200526 1134.0 1.3570471801022266 -0.33148736731047435 37.12959918557829 26.887096543317814
40 207.39848546076763 271.05286643919277 2839.0 3.22355605661123 -1.2708380671381336 37.00570300110982 26.59661969745628
41 151.1601099636821 271.40667573777176 8260.0 10.096357310961189 -2.5104117797285674 36.964800986959965 26.491925296662178
42 21.9422468972786 275.9451857203009 4645.0 4.867442166134683 -1.7182520000806916 36.86411008300323 26.253944831745443
43 31.046644465879094 275.93847824682064 1401.0 1.3370106117142986 -0.31533713556459875 36.87064059007925 26.270928684656422
44 409.20889051146366 286.17341103237067 18474.0 20.838488129172415 -3.2971655172577927 37.12295443772135 26.983637243217775
45 345.5610187905495 287.5548845556819 1815.0 2.022709471493174 -0.7648337702137407 37.07489628924623 26.865826969082896
46 555.1530111534288 289.36909186059836 29627.0 34.6706846156502 -3.8499060435600545 37.221688642080025 27.258171674423245
47 382.171397172971 332.87227518883174 1226.0 1.459987480015399 -0.4108728288728402 37.019474832913744 26.965449284427557
48 597.8607220178229 333.7555295193546 10593.0 12.449623824422074 -2.7378905726665588 37.17230964524896 27.368528226873124
49 233.77846238174192 337.948342526752 1004.0 1.0754838287463147 -0.07900971152036959 36.90408692312923 26.692060192074585
50 43.15941655473508 339.08733004727645 1038.0 1.1709577038194712 -0.17135302049568435 36.76555874117042 26.33715862748223
51 596.0793255939984 338.46416409227703 1370.0 1.5269575366533266 -0.45956739969153865 37.16255225701479 27.368457279329586
52 362.9581961971411 349.3488125636348 2933.0 3.6315782050563863 -1.4002385025313913 36.97603859933716 26.940981344755333
53 201.65998459916196 357.90059501817996 1585.0 1.9530636657047586 -0.7267910014782103 36.8451499376308 26.645912741064954
54 320.90476504865 364.05239567174743 895.0 1.1293193128862566 -0.13204188806638578 36.91944331289681 26.872669446702915
55 224.4849825373172 386.1422657802868 4016.0 5.051326076961039 -1.758513510794826 36.81061825228093 26.70801483916445
56 375.1210543812674 390.1878757135548 34241.0 37.57891201787277 -3.9373605057048966 36.91118069366737 26.991891481338566
57 703.948793470559 391.22869071064844 1796.0 2.0829339949264503 -0.7966887700525126 37.14473475755973 27.606191596151568
58 173.00320255863338 393.8188260756737 1236.0 1.4117677118170415 -0.3744081125844545 36.759930840204674 26.61725518126533
59 420.1590349219757 395.24358086962417 1371.0 1.5109454178163186 -0.4481219398526277 36.93431911119857 27.079423633348497
60 471.3966852475656 395.8495576306069 8690.0 9.609049060289083 -2.4567010268447125 36.96991185870811 27.17544994790897
61 334.65053436321693 418.85627473194177 3345.0 4.025300756965997 -1.511995837356594 36.830562977767485 26.936181175880623
62 498.84174254356344 431.4341354408783 1244.0 1.399428192566976 -0.3648765471590703 36.9254607119874 27.25124594251361
63 369.3682945943434 432.3155674891793 60539.0 56.10129166850576 -4.372432151270825 36.83117455234284 27.01026198309526
64 536.6950101987775 432.4659204643931 11872.0 16.317710770911336 -3.0316480776352286 36.9507036817936 27.322591647960188
65 588.511710422447 444.5253290716535 2348.0 2.7225763997435526 -1.087450188949695 36.966079191533865 27.427611333891903
66 308.20560044623056 466.8577786701321 1046.0 1.0401153207034721 -0.04270373374846606 36.72516109405598 26.91999887288337
67 407.5458187847173 481.8534364459255 15330.0 17.871141808962236 -3.130380752485448 36.769272492598986 27.115724358672672
68 104.4812373353515 486.4930743667115 3784.0 4.358787277291355 -1.5984141864505945 36.54393136033081 26.55342187386593
69 110.66098604053394 490.5977212323447 3883.0 4.759644280264132 -1.6939362405768785 36.54096187113688 26.567788864518164
70 391.8731318679425 517.8602276415546 2260.0 2.549014211719489 -1.0159306420805312 36.69319001576004 27.11135584948325
71 414.0553383214509 517.8601224913313 1574.0 1.683207669496006 -0.5653442533267665 36.70907187511862 27.152746997031645
72 414.044747391314 530.5989426145857 4212.0 5.200856167775455 -1.7901871082857683 36.686117021428394 27.161528161317097
73 17.35068837627824 546.7663684016732 11738.0 12.21378557938574 -2.717125728541508 36.372974757987095 26.43248060646421
74 68.1359844755498 550.6618165552148 3096.0 3.3881547183204925 -1.3249080848570052 36.40231809572929 26.529935455944752
75 708.1097943368912 552.040980040186 1052.0 1.1293229405209007 -0.13204537569641192 36.858032177545404 27.72505699565226
76 726.2530406330085 565.0846073737813 2481.0 2.791374432872119 -1.1145452408303629 36.84752575568743 27.767923167812004
77 165.03953344764352 569.7757148825808 1045.0 1.2404206687926342 -0.23392248539138033 36.4372664693605 26.72395938963163
78 587.510296113354 570.5602654094736 5047.0 6.087836212715382 -1.9611573991275564 36.73832722961477 27.512817059499778
