id xcentroid ycentroid peak flux mag RA DEC
1 272.4312792287191 8.944714058617278 4120.0 4.669233917523127 -1.6731140789932097 37.52387659364067 26.536938305267952
2 472.27997815555335 9.447521183702479 2170.0 2.382047983054044 -0.9423762637377098 37.66608579604749 26.910202983085618
3 644.0960721159087 16.45413688746097 2576.0 2.209399700327899 -0.8606857269172579 37.776503376444055 27.235652153712543
4 641.9747783332014 17.729294914229577 8010.0 8.610100062776345 -2.337520496653618 37.772687008869816 27.23257479102058
5 454.5823946691043 18.99443568407444 13995.0 15.88137145318146 -3.002220009212373 37.636212921412806 26.88377499553216
6 123.87100664967296 27.054366495237527 9891.0 10.121686763493782 -2.513132232602064 37.3848644475704 26.272236514291833
7 523.757356246725 27.756589919150482 1468.0 1.6696597605941244 -0.5565699515950238 37.66996474057741 27.018908850109305
8 620.0550376692078 33.39719398490114 2126.0 2.6978413760183613 -1.0775410275862671 37.72876325757253 27.202497066583643
9 245.54120420440805 43.26555412521308 1140.0 1.4034394905181071 -0.3679842317731512 37.44278911721226 26.51047269128356
10 314.1200210888687 60.89800286366749 2032.0 2.1706242107418867 -0.8414616068539027 37.46013366305214 26.65062235555291
11 487.8581585839877 94.47709832556657 6758.0 8.118410047231249 -2.2736774575469347 37.52405574600902 26.99801616766938
12 294.99757051449257 100.88781538825496 1716.0 1.7513434149856697 -0.6084282844116824 37.374395722480685 26.642567633785493
13 307.6344784120994 105.4134270198209 1694.0 2.2786016890309013 -0.894171037419635 37.37529206736255 26.669274686989507
14 253.7813373650697 111.68865996089735 1239.0 1.3176068300798218 -0.2994645935506653 37.32542171460878 26.57312019116934
15 461.86965932241685 111.99077371309546 2484.0 2.7886297874985666 -1.1134771552254346 37.47389301174203 26.961621337472696
16 80.20977271510691 117.5419669147169 778.0 1.037491324916688 -0.039961185010774565 37.19057909509059 26.253279841868803
17 362.58884728205345 131.02256897836395 3425.0 4.028727378132792 -1.5129196997575818 37.36850942707635 26.789512009233423
18 325.757894812201 135.4922936919055 2481.0 2.9718706245838025 -1.1825747480407125 37.3340816826126 26.7238735156246
19 559.0324792767534 152.7457144077643 1607.0 1.7114308175947004 -0.583398370072215 37.470050499670435 27.17108331974669
20 237.40724218353512 155.08070731635115 1132.0 1.176393807720764 -0.1763818245251422 37.23552258915916 26.572544395261907
21 278.1547121024421 167.31156244322057 1194.0 1.3057305104814858 -0.2896338805411705 37.24266792858165 26.6570290219362
22 83.05177704724207 170.1172732584876 1588.0 1.5489950101127974 -0.4751250468448066 37.09789675591262 26.294905684390663
23 731.6901600141614 171.64047184605022 11271.0 13.30449439848745 -2.8099959375193153 37.559653559028206 27.50631604249138
24 308.50937017266347 173.48622820339017 4848.0 6.11952694179534 -1.9667946278685913 37.25328138530168 26.717936645253133
25 561.0050483715254 173.5167373038473 2059.0 2.4215171733959355 -0.9602188835231341 37.434042854608066 27.18911419311143
26 424.6827290165155 180.82951848543527 29142.0 34.46437759686783 -3.843426099597886 37.32324572099902 26.939789172874054
27 16.75456280373665 182.17759647985494 2529.0 2.719538715835852 -1.0862381147213174 37.028692806703575 26.179527312482847
28 216.25649276685908 196.70139617074764 27318.0 30.826111438725064 -3.72229686020944 37.145394028550534 26.561831594062415
29 6.016620522715688 201.8995182311661 2376.0 2.3825062960888124 -0.942585142481593 36.9854729673011 26.173115603226428
30 85.07844421938678 203.99482032957442 8889.0 9.155332683427021 -2.4041853254313894 37.03831566725743 26.32209240049498
31 347.91255279369295 204.97871635690046 1117.0 1.1306932929691946 -0.13336204008729724 37.22476307837456 26.813220106181166
32 595.1486673920244 224.12064925433043 1696.0 1.8951553853429637 -0.6941120598109523 37.36732771650948 27.287786814977324
33 513.0755654170576 234.97448200524988 1004.0 1.0919589657503443 -0.09551579628115248 37.28899995126135 27.142137138358542
34 62.94811577419931 236.29435974678097 20179.0 21.577418412619398 -3.334998707885151 36.964278219542116 26.303112010188716
35 489.5192891791891 237.00953392163933 1186.0 1.34399661062642 -0.3209954337214154 37.268464635457605 27.09958712531654
36 341.9257713045005 240.10969869192348 5264.0 5.878779313526753 -1.9232178932365727 37.157185285055384 26.826319701860868
37 620.3839695888845 243.10366531947997 1157.0 1.2902196375393142 -0.2766591192594762 37.35120010959819 27.34799062631124
38 641.1019184529591 244.85031852519305 5273.0 5.517784045296298 -1.8544117477104591 37.362889884000545 27.38785698986259
39 280.8553290991577 247.84622452921653 1288.0 1.3853891165941177 -0.3539294289073035 37.09951389444593 26.717707297856208
40 365.30981134148396 264.84660329802904 1187.0 1.1951164739797073 -0.19352558233523917 37.129365984941614 26.887044246648767
41 151.19706009273466 271.12300681296455 10848.0 12.145924616819405 -2.7110764534102616 36.96472890113703 26.49184642233637
42 207.5091390388712 270.85362162991527 2686.0 3.1871094676216982 -1.25849245109694 37.00554024843916 26.596738547875262
43 21.94985166125652 275.653762022207 4081.0 4.491083397610022 -1.6308777995280557 36.86401035986872 26.253801529566747
44 30.947913111394236 275.79109819837805 1201.0 1.3938407594460716 -0.3605329006098123 36.87020660482664 26.270686776999877
45 409.2635989376162 285.94435602709666 19671.0 21.726560379584672 -3.3424774420777252 37.12283317848893 26.983637723973843
46 345.46743696335767 287.20935677842664 1814.0 2.233010985363843 -0.8722271490032294 37.0748686917637 26.865468153580707
47 555.201585041587 289.0457725476947 38115.0 40.1579347770752 -4.009428425059614 37.221754456375685 27.258100410627623
48 742.2567939189508 293.8846223759122 1215.0 1.2449557566665317 -0.23788479428820744 37.34699038453801 27.610488098597507
49 382.34064542501903 332.6122163831664 1022.0 1.0436726984472968 -0.04641080714286209 37.01947826457375 26.96564093666274
50 597.8868051735168 333.41887870121815 9565.0 11.131416692001668 -2.6163761009457436 37.17238127140899 27.368406971675558
51 233.64437536144646 337.8334733442059 967.0 1.2429672859705532 -0.23614924616277247 36.90358794069582 26.691781177236884
52 596.0490706612525 338.04236512706893 1970.0 1.8713808180537177 -0.6804054339429733 37.16273575233998 27.36817198752146
53 43.089363728547106 338.8440013284801 1213.0 1.2856658547807949 -0.27282027473398324 36.765307741867154 26.33690401961936
54 363.0086363207572 349.0039345311938 4151.0 4.381688780527455 -1.6041038189017836 36.97610362850061 26.940891978960817
55 179.45324358279873 354.0424505133947 820.0 1.080283906847348 -0.08384476597148613 36.83557931500741 26.60185891074448
56 201.74086869983313 357.6714968994256 1412.0 1.6259102303161947 -0.5277414091805495 36.84500191770919 26.64595477504164
57 224.6523554834218 385.9286992189665 4778.0 5.621366957345487 -1.8746048413449787 36.81050218814614 26.70822960212007
58 375.1566677310693 389.9633528424376 38480.0 40.82887090321622 -4.027418424869765 36.911012207313156 26.99185778985006
59 703.9006176209738 390.99681722341154 2082.0 2.264400842565842 -0.8873832695254152 37.14456947218446 27.60600738318588
60 173.081665082442 393.62069955532286 855.0 1.0457459731898715 -0.04856550234088425 36.75971394610356 26.617312956166177
61 420.2038179501755 395.04965558852047 1609.0 1.6590648178095084 -0.5496583843904626 36.9341079574111 27.07942965978471
62 471.5073405179108 395.4580285679699 5751.0 7.16658572817596 -2.1382807508950723 36.970111570920956 27.175444070695168
63 334.75898328729926 418.6321266854188 2788.0 3.6414574744064105 -1.4031881063776006 36.83043423694836 26.936282162276072
64 498.9437586023077 431.128670867741 1708.0 1.8506262347168634 -0.6682967862245763 36.925496467538196 27.25128412969382
65 369.48911445110724 432.0398318851945 60538.0 57.91548834427518 -4.406986806682052 36.83115029261575 27.010351495569978
66 536.76478144149 432.1987253961048 17617.0 20.81618373776786 -3.2960027815308224 36.95065297582331 27.322597356466176
67 613.1207532727825 440.07155449279236 957.0 1.0465213358610213 -0.04937021726309429 36.99114941032032 27.470516555459266
68 588.5302389992447 444.1553614728425 2927.0 3.2748385533954933 -1.2879747363174103 36.9661825048309 27.42745207822675
69 407.5529776613068 481.4923327672084 10531.0 14.384602331059293 -2.894744650304512 36.76931684344022 27.115543811251555
70 104.50902370115746 486.1311108066349 4787.0 5.662333718902831 -1.8824886540982366 36.54394489844406 26.55326914137343
71 110.76729621361847 490.2970774378744 4973.0 5.682446147006668 -1.8863383214330565 36.54092131634597 26.56782520500014
72 722.7554327064736 495.9998322476441 699.0 1.1280063503197804 -0.1307788614877144 36.96890253744751 27.713733798030294
73 391.9260906797607 517.671018718991 1659.0 2.1302521293405494 -0.8210775202179057 36.69294810675862 27.111378814169434
74 414.1723152403184 517.6729274419022 955.0 1.1209627016790356 -0.12397790587533308 36.70887556641288 27.152891546867785
75 414.0834184927672 530.2460653053103 5124.0 5.5516811306175535 -1.861061284471568 36.68616064902077 27.1614120612737
76 17.42199680238686 546.4699708752099 9370.0 11.165804313121274 -2.619725030826973 36.37287635174609 26.432451178707346
77 68.12205567954227 550.31534190127 3163.0 3.3337076624671016 -1.3073187831631514 36.402255857937035 26.529714044087264
78 708.1259994887932 551.7659720090516 925.0 1.1454596071482939 -0.14744944768978857 36.85796012931561 27.724962419298535
79 726.2902824542851 564.7631336344216 2354.0 2.6369641189331534 -1.052760551014346 36.84755271911609 27.76783627842063
80 587.5600924879765 570.2473998858927 6131.0 6.90345985791024 -2.0976670096698795 36.73832544714821 27.512754911141606
