#   ID    	xpos      ypos        RA/deg	      DEC/deg	     flux	     mag 	  dev_ra/arcsec  dev_dec/arcsec  RMS/arcsec
4.000000e+01   6.413968e+02   2.429758e+02   3.736308e+01   2.738793e+01   6.264281e+00   -1.992178e+00   1.147993e-01   -1.256788e+00   1.262020e+00
4.200000e+01   6.412621e+02   2.434010e+02   3.736304e+01   2.738777e+01   5.732493e+00   -1.895859e+00   -3.632250e-02   -1.830799e+00   1.831160e+00
4.100000e+01   6.411181e+02   2.441203e+02   3.736308e+01   2.738774e+01   6.885593e+00   -2.094853e+00   1.030080e-01   -1.916508e+00   1.919274e+00
4.200000e+01   6.410963e+02   2.444776e+02   3.736300e+01   2.738776e+01   6.161463e+00   -1.974210e+00   -1.770787e-01   -1.841892e+00   1.850384e+00
4.100000e+01   6.410807e+02   2.447235e+02   3.736297e+01   2.738797e+01   6.106479e+00   -1.964477e+00   -3.043023e-01   -1.083897e+00   1.125803e+00
4.000000e+01   6.411093e+02   2.448592e+02   3.736288e+01   2.738788e+01   6.616906e+00   -2.051637e+00   -6.199964e-01   -1.432747e+00   1.561140e+00
4.400000e+01   6.410801e+02   2.450352e+02   3.736307e+01   2.738788e+01   7.080304e+00   -2.125130e+00   7.056327e-02   -1.423621e+00   1.425369e+00
4.000000e+01   6.410427e+02   2.452637e+02   3.736312e+01   2.738793e+01   6.606316e+00   -2.049898e+00   2.492764e-01   -1.256733e+00   1.281217e+00
4.100000e+01   6.408973e+02   2.459444e+02   3.736305e+01   2.738827e+01   6.780550e+00   -2.078162e+00   0.000000e+00   0.000000e+00   0.000000e+00
