id xcentroid ycentroid peak flux mag RA DEC
1 272.34921058213297 8.891732041892784 4232.0 5.832531300065553 -1.9146426952436777 37.51657949659945 26.5370233334692
2 472.2615798363854 9.196822328422556 2561.0 3.4238112879318288 -1.3362745485492542 37.65896247422584 26.91038157782117
3 641.9742422569254 17.53736054017685 6348.0 9.61003815983972 -2.4568127804551607 37.76527680503631 27.23291733436595
4 454.53727833002506 18.917644954037435 12453.0 20.394754366808893 -3.273796197670186 37.628777096293916 26.884008565436087
5 123.85836980471831 26.994925905032883 9734.0 12.722632304463732 -2.7614424396473285 37.37779754772016 26.272353691248238
6 523.6767304930792 27.68722281380884 1027.0 1.7316223447467456 -0.5961329532154674 37.662411003148534 27.019114961191438
7 620.0558189894368 33.33115979443249 2415.0 3.4242624774236776 -1.3364176173256725 37.72115172512733 27.202908000425523
8 245.61331505173683 43.080872357069524 1073.0 1.821894564047873 -0.6513081001199528 37.43586920564767 26.51072042125912
9 314.18011318580625 60.8053951425314 1896.0 2.637046680816402 -1.0527945442802635 37.452960553961326 26.650939621869966
10 87.2703234965093 82.01542483164928 930.0 1.2088258117342439 -0.20590931200972856 37.25251366860711 26.242041300611564
11 487.8327274385215 94.23500931508768 7459.0 11.38207148419344 -2.64055327208194 37.516891670427015 26.99814878070766
12 295.01910931929524 100.78628861529492 1562.0 2.2670914265709285 -0.8886725864373962 37.36723177673141 26.64277377940153
13 307.62639216366205 105.23578117454734 1884.0 3.150518809134357 -1.2459551919274405 37.368229532401806 26.669377512158505
14 253.7265448773027 111.44100727646916 844.0 1.4689129880080556 -0.41749017710811 37.31851315095583 26.573053962415813
15 461.8344443195859 111.89826732156915 2466.0 3.294314005251063 -1.2944124815047777 37.46648159193281 26.961814667450778
16 232.60636599415685 115.94746759188072 813.0 1.2044439340544844 -0.20196647182082025 37.29529393524182 26.53674282375261
17 80.16254418097927 117.55080549098109 767.0 1.3412084933580157 -0.31874073746390613 37.18341164647585 26.253304691295387
18 165.8829788358007 122.67810061336858 734.0 1.0355634795228381 -0.03794181519943456 37.23546245852585 26.416846112505244
19 362.4308243281589 130.97404950768632 3007.0 5.332069195884106 -1.817239441875017 37.361043643335385 26.789440461193077
20 325.73189296133086 135.3447977327706 2368.0 3.9980770250406352 -1.5046278919314104 37.32693048468009 26.723957024697295
21 558.9571763111584 152.62641955974192 1350.0 2.1215183190241107 -0.8166169654825308 37.46254668807385 27.171214773543443
22 237.4015663605752 154.84933060954847 1045.0 1.4508273246452394 -0.4040393160421813 37.22863724720411 26.572547712185294
23 278.08473733867334 167.197515855051 1365.0 2.036279897273403 -0.77209368451369 37.23547840740672 26.65700921638051
24 731.574885863425 171.4904197726588 9209.0 16.84811351969802 -3.0663782001324256 37.55197911249029 27.50643742335947
25 308.47518034253994 173.35598449027398 4492.0 8.540541537879024 -2.3287135231675036 37.246111831403915 26.717985938604162
26 424.64560008951463 180.7039811505218 23977.0 40.741086633200844 -4.025081520454515 37.315932873955596 26.93989693731164
27 16.80356535426794 182.10585714357993 2715.0 3.557053731781194 -1.3777260638920763 37.02180984349957 26.17960466052237
28 216.20738026082316 196.56233140151826 24785.0 37.62046386117866 -3.938560365270636 37.13833424831176 26.56178251365391
29 5.9414225719047415 201.70647497868106 2145.0 2.7731145713031666 -1.1074195320918463 36.97873142313888 26.172860381717992
30 474.2540317503872 201.40830161499224 680.0 1.1066611253391414 -0.11003663592330264 37.31410106901094 27.046786271448035
31 85.0549314702996 203.9126659325647 8509.0 11.150419150312226 -2.618227982641223 37.03132106647241 26.322053135938848
32 347.824482934804 204.76654267012032 904.0 1.252207745228651 -0.24419096420264658 37.217656758248765 26.81311666567615
33 595.1609562703427 224.03045751526773 1786.0 2.3169830409930787 -0.9123071375283711 37.35979085336023 27.288082139591005
34 513.103078602774 235.18866173360212 826.0 1.0662860642058745 -0.06968433311358443 37.28101891725293 27.142619143156182
35 62.928575498437155 236.145393070327 21999.0 28.823293409446357 -3.6493590067597266 36.95743113867155 26.30300365431002
36 489.37707044683134 236.96223822182748 1203.0 1.5955213924581901 -0.50725657877331 37.26086012678164 27.099557538794983
37 341.9248912884069 240.01333193796555 4617.0 6.618069442007576 -2.05182829952048 37.14993848466756 26.826435988562547
38 620.3587826886833 243.08666934538502 1006.0 1.3200769609103244 -0.3014981286289259 37.34347525523342 27.348270004169176
39 641.0806642381783 244.72347777336427 4747.0 6.1064792622855775 -1.9644772164141024 37.35534205637403 27.38807846364011
40 281.04356956386056 247.7958773896616 1110.0 1.4924687660061107 -0.43476312773947534 37.09238883364783 26.718169966315045
41 365.3293184647505 264.73439634855566 1063.0 1.566139386229069 -0.4870760290051126 37.12213491602099 26.88718688220634
42 151.1501490475834 271.05923263557 11342.0 15.823363519646248 -2.9982470137633266 36.957607114612905 26.491775566337072
43 207.41276413553652 270.7783828261768 2550.0 4.003584258930902 -1.5061224326160723 36.99833953196612 26.596599015815094
44 21.970887719818773 275.52682865516704 3318.0 5.4378899526475575 -1.8385760361530195 36.85719822333936 26.253739267883187
45 31.05025204608958 275.53257991742817 1049.0 1.405649045884978 -0.36969225537005246 36.863679393091104 26.270690380224327
46 409.1904739697585 285.86424987098553 19226.0 26.003993963087037 -3.537600141361396 37.115427308900905 26.983642353498038
47 345.4191359830871 287.1345399104068 1618.0 2.980323794353367 -1.185658625343144 37.06754376794304 26.865486473387286
48 555.1453103518118 288.96478261158506 38139.0 48.51531297777501 -4.2146970935215835 37.214195687735966 27.258215564066067
49 742.105411487802 293.7444695329532 949.0 1.3092214296941995 -0.29253276336231826 37.33925671826286 27.610486536956532
50 699.0165373241728 299.72091104683767 601.0 1.0182934831613362 -0.019682410984986222 37.297682103035335 27.53418434174298
51 730.9406859385001 300.7634579365261 855.0 1.1827184050888984 -0.1822033880415776 37.31862887534058 27.594492235102233
52 559.25940436937 303.9504174917009 1634.0 2.02664165577371 -0.7669424123368469 37.19013922266129 27.27623949745885
53 368.9785911074981 305.8452300858036 941.0 1.3125673438222758 -0.2953039874332784 37.05067926080461 26.922377708807602
54 382.29431191840087 332.6570585082672 911.0 1.2377871041534412 -0.2316148842419341 37.0118958091878 26.965740743896472
55 597.8576248113048 333.2434976977292 10320.0 15.096459608227214 -2.947187773383446 37.164961967142546 27.3685065695888
56 435.8039793733513 335.85221612742316 961.0 1.1458207661803488 -0.14779172220546055 37.04439759949325 27.06782518804292
57 233.77135543211384 337.78576138114346 826.0 1.1326849194687612 -0.13527279591515934 36.896465590114886 26.692054723943972
58 596.1321843847909 337.89194044996674 1963.0 2.2663647791685753 -0.8883245308419386 37.15535373767419 27.36849480885387
59 43.066916910952536 338.81136881827314 1029.0 1.557187897054534 -0.4808525489708574 36.75826869608045 26.33680219325823
60 362.9590672173477 348.9397966141105 3698.0 4.874120275122497 -1.7197406043753158 36.968736774435754 26.940890577268156
61 179.38674400185823 354.1150869587152 670.0 1.1012682471145367 -0.10473279346059307 36.828163154107614 26.601815110527664
62 201.813319687919 357.6366878499886 1096.0 1.9266032524403596 -0.7119807227878907 36.837853151174606 26.646106569805053
63 418.92340797375846 377.97746444932835 716.0 1.0347095058202962 -0.037046097363272204 36.95643603293487 27.065396171962387
64 224.61163497464858 385.8467385775301 3993.0 6.768040465069437 -2.0761573665460316 36.803330509742835 26.708134606775374
65 375.11224462072187 389.891371281187 35955.0 46.526146958345315 -4.169242720307147 36.90364812965853 26.99184448026784
66 703.8901996083785 390.91282356888036 1803.0 2.566642564490043 -1.0234134805234867 37.136876369550315 27.606232072494073
67 173.17014248603567 393.52372396762155 958.0 1.7268275939625513 -0.5931224496969668 36.75272028955985 26.6174156854027
68 420.09158734483947 394.88933790499567 1660.0 2.1721014019058846 -0.8422002397462445 36.92680301945967 27.07925109402093
69 471.38830788965976 395.3889078586193 7054.0 10.630037992038728 -2.5663370417652716 36.96257894429223 27.17534415535558
70 334.71658367571354 418.3494364676174 2886.0 4.69410488683849 -1.6788819735240654 36.82349646706763 26.93608862725995
71 498.93254919564185 431.09551387878673 1602.0 2.0889254841952147 -0.7998073704390094 36.91794382126823 27.25140568261881
72 369.3977157302102 431.94965748403524 60543.0 113.22160926265529 -5.134823308470985 36.823790658073335 27.0102112834255
73 536.7303126513908 432.0883939382848 17124.0 26.921084343026262 -3.575231371672251 36.94317956871053 27.32264272159428
74 613.0874724692782 440.0479570722707 787.0 1.0442548105917053 -0.04701621153937777 36.9834332792427 27.47066221109879
75 588.4642542253879 444.10665213744755 3007.0 3.964071214577729 -1.4953536199697273 36.958516161738345 27.427503356000035
76 308.1448946130224 466.4574414516497 700.0 1.2428088503186916 -0.23601084325426253 36.717827515468954 26.91970055898409
77 407.4569101435557 481.40205051422754 10636.0 20.080290303647125 -3.2569249679405043 36.761909228595435 27.115388425735347
78 104.54479567495679 486.06124502612295 4742.0 7.266750060800603 -2.153350557328539 36.53694026698661 26.553202286106373
79 110.7475320202033 490.1867336739702 5093.0 7.109014810710618 -2.1295235475635583 36.533942644772054 26.567627910593906
80 722.5017236661597 495.8324240896791 542.0 1.1058098992903842 -0.1092011836395146 36.961161240193064 27.71339866393538
81 391.90841035317493 517.425379521131 1812.0 3.054245908157519 -1.2122600017882894 36.68589320852574 27.111233574805958
82 414.0972618590779 517.3168937058192 1324.0 1.7253896848680543 -0.5922179932695562 36.701953160326056 27.152575420326503
83 17.387691990646843 546.3175566196452 10329.0 16.041186535581822 -3.013091222650475 36.366067926532466 26.432114255083896
84 68.09526597571258 550.2053707428267 3413.0 4.62073243142449 -1.6617770523721485 36.395318404269 26.529446583085893
85 708.1207635811312 551.715446493466 802.0 1.2331644215773154 -0.22755246566418735 36.85020099124628 27.725132453195023
86 726.2783790185887 564.6773379469771 2170.0 3.261978643330304 -1.2837027833040486 36.839831265039926 27.76797239404613
87 165.1997846675489 569.2233953620755 968.0 1.395844152486816 -0.3620923288601665 36.43048319126711 26.723825956287175
88 587.4260583120135 570.1123634989866 6683.0 9.154464458929503 -2.404082357302994 36.7307634548878 27.51254861543995
