id xcentroid ycentroid peak flux mag RA DEC
1 272.39923697444556 8.930605849564978 4120.0 5.955505312215058 -1.9372965409098182 37.51667676372138 26.5370046232856
2 472.2751753766793 9.399068939633324 2170.0 3.31129002519549 -1.2999930521714718 37.658722319508904 26.910376744932876
3 641.9969939249671 17.734294791120416 8010.0 10.738983081004639 -2.5774078953971937 37.7650386434938 27.232899905799535
4 454.6276919403871 18.984351479833098 13995.0 20.971931716443002 -3.3040960875073844 37.628837980048324 26.88405654783161
5 123.8706212164499 27.03989970337125 9891.0 12.795293720954739 -2.76762564934186 37.377870293644385 26.272292156226797
6 523.7836130220649 27.749809076774625 1468.0 2.0518641835707414 -0.7803715267258199 37.662485565743296 27.019180386326642
7 620.0628007122244 33.4409105706775 2126.0 3.481641845842258 -1.3544602337435765 37.72106192010464 27.202804780021243
8 245.58797648309329 43.23524393702237 1140.0 1.8499867664106668 -0.6679215543921571 37.43570830580713 26.51064586416913
9 314.1138030625668 60.8887486040092 2032.0 2.6551748203160153 -1.0602328022434013 37.45289323117711 26.650729454914384
10 87.25206617907763 82.10483174192139 745.0 1.2713707097504585 -0.2606805044824403 37.252490097650686 26.241960680350065
11 487.8752568801093 94.42835607110986 6758.0 11.07069685099733 -2.6104373966000987 37.5166906415732 26.998191752691916
12 307.6669233985832 105.37364887224412 1694.0 3.2395068578459707 -1.2761972591456465 37.36814289185773 26.669406631282445
13 253.7941803032706 111.70164530226397 1239.0 1.7338419300344787 -0.5975237535497882 37.318229585235486 26.573226930085575
14 461.88881642331177 111.98023110939599 2484.0 3.328328292821472 -1.3055653919501373 37.466492686547255 26.961807360733903
15 232.72395957901963 116.02035316613137 866.0 1.1604082527508572 -0.16152702204195052 37.295386329749896 26.53688281194885
16 80.20597185337598 117.56278443048184 778.0 1.386721476680158 -0.3549731042196007 37.18357383201339 26.253287831795145
17 165.87486137668031 122.85490386107371 863.0 1.1896617111526921 -0.1885587104852251 37.23528376343121 26.416833717850373
18 362.5429544906621 131.01543925616804 3425.0 5.251704808788346 -1.800750767497702 37.36117844965358 26.789528846692015
19 325.7796724070332 135.5191685077691 2481.0 3.9816429402811875 -1.5001557785941184 37.326783041330685 26.724022904867354
20 226.20123931881045 150.83590377768664 703.0 1.0073986262947126 -0.008003385777546343 37.22800153539482 26.54874331454674
21 559.0410662623415 152.75981863629013 1607.0 2.2024177124424362 -0.8572492277842421 37.46247971968015 27.171284173224215
22 237.38136105365095 155.08820855483452 1132.0 1.5770662104527835 -0.49462481707410916 37.228333388131915 26.572545438866783
23 278.149322614497 167.27179363012135 1194.0 1.624525514217781 -0.5268163415216441 37.235528768162375 26.657045616220266
24 369.8105315472873 167.95597918565275 833.0 1.0732639764795648 -0.07676638186874195 37.29982395236401 26.828594541009352
25 731.5926138396718 171.638307017316 10582.0 17.89412132402143 -3.1317759439486292 37.55182483596057 27.5063671647224
26 308.5564890949055 173.5194334753228 4848.0 8.592847999348486 -2.335342823840539 37.24601117775035 26.718110579735345
27 424.71751419432593 180.83671572579573 29142.0 43.969887509427245 -4.107888386354388 37.31587124223831 26.939965077093387
28 16.762335257029566 182.16066047224825 2529.0 3.435239292351338 -1.3398924864788142 37.02184260430334 26.17947094587829
29 216.23651514991175 196.7192348756406 27318.0 39.229155210762144 -3.9840223895403355 37.13821698541026 26.561820171847092
30 6.007744744944878 201.89312055492104 2376.0 2.8991138556286367 -1.1556631788672151 36.9786053411972 26.173020641299676
31 474.2827417385179 201.64093154018414 760.0 1.1227153649766874 -0.1256741656127269 37.31382525966077 27.046835637339555
32 85.06798443432957 203.9921754636052 8889.0 11.429349669995092 -2.6450537993548573 37.03134325572354 26.32202783879091
33 595.1427318499329 224.1076737004308 1696.0 2.21375455536535 -0.8628236696771451 37.35975214736132 27.287918545512102
34 513.0827816040542 234.97875522226732 1004.0 1.4086225950409708 -0.37198662605535865 37.28150349005193 27.142266469273483
35 62.944924014937676 236.26899532557354 20179.0 28.005731492403886 -3.618117301641133 36.95737955449411 26.303019261586282
36 489.43476614485655 236.98770517353464 962.0 1.667816496469569 -0.5553706628844541 37.26097852369981 27.099516636616485
37 341.93639844265766 240.10077341771554 5264.0 6.90955337480775 -2.0986249400254997 37.14992493497057 26.826374553355798
38 641.1092832953342 244.85920033761195 5273.0 6.616906046879256 -2.0516374204039196 37.35522842546041 27.38803615841876
39 280.87134819388257 247.85344243516155 1288.0 1.6650709372370298 -0.5535818513541094 37.09230330165239 26.71775462669888
40 365.28189518300155 264.85474844827513 1187.0 1.5042346850589972 -0.4432889963486939 37.1220190357806 26.887035243369983
41 151.18071161327893 271.1124557142584 10848.0 15.478556914842459 -2.9743261710456315 36.95768648547253 26.491756439438237
42 207.45362851640948 270.86495977711337 2686.0 4.177324700999816 -1.5522455850815284 36.99836136317692 26.5966134321636
43 21.936734382411384 275.677580011453 4081.0 5.737998764379971 -1.8969011259726583 36.8570668530582 26.253686785666048
44 30.93044241238448 275.80012406294026 1201.0 1.560813286653731 -0.4833773834953665 36.863275605587106 26.27055725145832
45 409.24453205663065 285.9464225656471 19671.0 26.10951439924769 -3.541996986557716 37.11544994256574 26.983647564308754
46 345.52267332196993 287.1909166802439 1814.0 3.101620858596222 -1.2289717716670057 37.06765374677775 26.86557612268071
47 555.1937069909496 289.040658403344 38115.0 47.860404852672 -4.199940920009142 37.21421329339433 27.2581833733501
48 742.2485046613557 293.8810263750834 1215.0 1.4986840597464706 -0.43927522026185656 37.33921695009044 27.61064419493963
49 699.0596647829092 299.8981378491338 864.0 1.0509973528044732 -0.05400405538017339 37.29750154295406 27.534190329382067
50 369.0550567091255 305.84808203117086 873.0 1.103433154758715 -0.10686507256444176 37.05086512450872 26.92237675546035
51 382.30372036263896 332.6439802707372 1022.0 1.4073644384539146 -0.3710164324909211 37.01206247472421 26.965602320754932
52 597.9034877458594 333.38607002322976 9565.0 14.43860082740552 -2.8988127749160513 37.16485590401903 27.36851031324885
53 233.6706980305394 337.84804630570216 967.0 1.5496429884688678 -0.4755791389792622 36.896430706232536 26.691786012922005
54 43.082204380013515 338.86255923072986 1213.0 1.619166794507177 -0.5232289721041606 36.758353014132034 26.336771746307342
55 179.42603276515766 354.0471950399505 820.0 1.2547020005971854 -0.24635147616814554 36.82846819663712 26.601726592604955
56 201.77596854817907 357.70912724284483 1412.0 2.0406054024451143 -0.7743975802506274 36.837848831501944 26.645968516125432
57 321.17105440735 363.9127257398228 748.0 1.0438885420156392 -0.046635326714318234 36.912027247704366 26.873090250065342
58 419.1506724829879 378.03373357595416 721.0 1.195807156629884 -0.19415287061040976 36.95663237391 27.065707818629328
59 224.6822029614758 385.9342422088956 4778.0 7.177594589459068 -2.139947311318933 36.803375494908074 26.708205628028832
60 375.1448616910458 389.9668452241244 38480.0 47.961571401276885 -4.202233509447108 36.903674984622704 26.991813200402206
61 703.9283682828122 390.998072577122 2082.0 2.6324099440245443 -1.050883806735743 37.13686155810382 27.606167080659173
62 173.06203080162985 393.65185203757517 855.0 1.366681260741754 -0.3391680990717156 36.7525690807759 26.61718943198474
63 420.1955880367692 395.0478943673039 1609.0 2.0319786983595933 -0.7697978770988787 36.92672760855907 27.079403581455296
64 471.4677911257283 395.51334851331904 5751.0 9.639742560770957 -2.4601635894434066 36.962543109650206 27.175419412034007
65 334.7870690256222 418.5217631190102 2791.0 5.007465854034136 -1.7490449912919104 36.82338060876229 26.936201921720663
66 498.945726805065 431.1176751586706 1708.0 2.2266773094746775 -0.8691432088752002 36.91804406374609 27.251283307661453
67 369.49780509523674 432.0376330878514 60538.0 110.41987277101123 -5.107618105994187 36.82384556231303 27.010316612787427
68 536.7933500793745 432.18768136852015 17617.0 26.898267278994382 -3.574310761771042 36.94317332593794 27.322660829792063
69 613.1290792094668 440.09648505525365 957.0 1.2836295897518615 -0.27109929933429483 36.98349699196392 27.470593690587926
70 588.444717390101 444.1761703334437 1898.0 4.055203232254098 -1.5200315609393051 36.95850062927658 27.427339128087315
71 308.35644060203344 466.61911700629344 618.0 1.239192798982917 -0.2328472026237789 36.717836071384596 26.920075218177658
72 430.1151570975088 471.08535366867267 738.0 1.0320326746975312 -0.034233618751709306 36.79683416037984 27.150409067712765
73 407.60565412620224 481.5456423977375 10531.0 20.879008250752367 -3.2992746647701408 36.76189764433055 27.11561844123257
74 104.54136268933296 486.1247676640266 4787.0 7.400966347298544 -2.17322107361775 36.53699020738049 26.553139981818564
75 110.77718920951035 490.2818661601709 4973.0 6.997950570888616 -2.112427176438192 36.533958946226456 26.567648342253886
76 722.6276493435438 495.99790700071776 869.0 1.41666130649767 -0.3781650802744676 36.96106764245274 27.71355287726173
77 414.16032212270653 517.6097120421998 955.0 1.6911887033332926 -0.5704801725189492 36.701612494891805 27.15274849988788
78 391.9369733040843 517.5481791963936 1711.0 2.740584089131346 -1.0946078300923086 36.68583607661129 27.11122833290555
79 131.16391476665035 527.3314939512034 740.0 1.0112256406042548 -0.012120182586485319 36.48178668372228 26.631274940746962
80 414.07740644831784 530.2371045927387 5124.0 6.6766181116774135 -2.061391340563375 36.678804410885505 27.161310921767406
81 17.384335352203404 546.4441905941255 9370.0 15.597134635621895 -2.982612052578926 36.36601431289512 26.432110810044588
82 68.10785036242153 550.3075034827968 3163.0 4.342306009779767 -1.5943010641915945 36.395316168418034 26.529448241308522
83 708.1240024240316 551.7960728848249 925.0 1.4039673588309767 -0.368392527240204 36.85017624228217 27.725002875587002
84 726.2814791928821 564.7907719425802 2354.0 3.299256444967773 -1.2960401843664755 36.83974633199583 27.76786275659264
85 165.13162349718908 569.3918744735255 966.0 1.369706380490006 -0.3415686970885875 36.43029625056583 26.723708220474744
86 587.4724317196401 570.2794390733574 4520.0 8.693441290661466 -2.347979313877996 36.73062491336993 27.512578399915903
