#   ID    	xpos      ypos        RA/deg	      DEC/deg	     flux	     mag 	  dev_ra/arcsec  dev_dec/arcsec  RMS/arcsec
1.670000e+02   3.241606e+03   1.486061e+03   1.570063e+02   2.516525e+01   1.016060e+00   -1.729797e-02   1.042738e-01   5.207214e-01   5.310592e-01
1.730000e+02   3.242336e+03   1.485886e+03   1.570061e+02   2.516516e+01   1.212235e+00   -2.089671e-01   -3.734734e-01   2.204633e-01   4.336894e-01
1.470000e+02   3.241520e+03   1.485992e+03   1.570060e+02   2.516538e+01   1.068374e+00   -7.180827e-02   -7.360186e-01   1.010710e+00   1.250303e+00
1.760000e+02   3.242931e+03   1.486523e+03   1.570063e+02   2.516518e+01   1.142301e+00   -1.444515e-01   1.311194e-01   2.797919e-01   3.089916e-01
1.600000e+02   3.242120e+03   1.486504e+03   1.570060e+02   2.516533e+01   1.073498e+00   -7.700293e-02   -7.043333e-01   8.132768e-01   1.075874e+00
1.700000e+02   3.243263e+03   1.486247e+03   1.570062e+02   2.516515e+01   1.369727e+00   -3.415852e-01   -8.261617e-02   1.688708e-01   1.879967e-01
1.640000e+02   3.243160e+03   1.486806e+03   1.570063e+02   2.516518e+01   1.024114e+00   -2.587098e-02   3.759717e-01   2.869978e-01   4.729931e-01
1.750000e+02   3.244011e+03   1.486835e+03   1.570062e+02   2.516524e+01   1.256332e+00   -2.477611e-01   -1.963808e-01   5.039294e-01   5.408421e-01
1.960000e+02   3.245288e+03   1.487991e+03   1.570062e+02   2.516510e+01   1.069372e+00   -7.282220e-02   0.000000e+00   0.000000e+00   0.000000e+00
