#   ID    	xpos      ypos        RA/deg	      DEC/deg	     flux	     mag 	  dev_ra/arcsec  dev_dec/arcsec  RMS/arcsec
1.040000e+02   2.500522e+03   1.004432e+03   1.567156e+02   2.549879e+01   1.013110e+00   -1.414123e-02   3.280851e-01   1.367730e-01   3.554528e-01
1.010000e+02   2.501077e+03   1.004173e+03   1.567155e+02   2.549877e+01   1.420693e+00   -3.812505e-01   5.224492e-03   6.764137e-02   6.784283e-02
8.700000e+01   2.500695e+03   1.004495e+03   1.567156e+02   2.549884e+01   1.009876e+00   -1.067019e-02   3.265799e-01   3.126426e-01   4.521060e-01
1.050000e+02   2.501892e+03   1.004819e+03   1.567156e+02   2.549877e+01   1.096972e+00   -1.004886e-01   5.051675e-01   8.207041e-02   5.117907e-01
9.800000e+01   2.502440e+03   1.004562e+03   1.567156e+02   2.549865e+01   1.037378e+00   -3.984292e-02   5.331550e-01   -3.502999e-01   6.379375e-01
1.020000e+02   2.502087e+03   1.004471e+03   1.567155e+02   2.549876e+01   1.145214e+00   -1.472162e-01   1.073861e-01   4.621737e-02   1.169095e-01
9.700000e+01   2.502292e+03   1.004710e+03   1.567156e+02   2.549876e+01   1.008805e+00   -9.517683e-03   4.719594e-01   3.964706e-02   4.736218e-01
1.050000e+02   2.502808e+03   1.004793e+03   1.567156e+02   2.549886e+01   1.221329e+00   -2.170817e-01   2.808380e-01   4.043447e-01   4.923054e-01
1.130000e+02   2.504403e+03   1.005307e+03   1.567155e+02   2.549875e+01   1.297069e+00   -2.824081e-01   0.000000e+00   0.000000e+00   0.000000e+00
