#   ID    	xpos      ypos        RA/deg	      DEC/deg	     flux	     mag 	  dev_ra/arcsec  dev_dec/arcsec  RMS/arcsec
1.380000e+02   3.219695e+03   1.250917e+03   1.568882e+02   2.515965e+01   1.091829e+00   -9.538618e-02   4.864032e-01   2.724346e-01   5.575021e-01
1.400000e+02   3.220228e+03   1.250608e+03   1.568880e+02   2.515965e+01   1.109769e+00   -1.130815e-01   -1.802335e-01   2.669729e-01   3.221158e-01
1.150000e+02   3.220668e+03   1.250744e+03   1.568880e+02   2.515951e+01   1.164950e+00   -1.657681e-01   -1.524893e-01   -2.229356e-01   2.700986e-01
1.370000e+02   3.220913e+03   1.251013e+03   1.568880e+02   2.515972e+01   1.466277e+00   -4.155399e-01   -5.763188e-02   5.373359e-01   5.404177e-01
1.360000e+02   3.221420e+03   1.250995e+03   1.568881e+02   2.515956e+01   1.298822e+00   -2.838744e-01   1.595111e-01   -6.271476e-02   1.713970e-01
1.370000e+02   3.221164e+03   1.251339e+03   1.568881e+02   2.515961e+01   1.035303e+00   -3.766914e-02   3.261940e-01   1.438784e-01   3.565158e-01
1.340000e+02   3.221213e+03   1.251560e+03   1.568882e+02   2.515967e+01   1.033089e+00   -3.534413e-02   6.389548e-01   3.353409e-01   7.216071e-01
1.410000e+02   3.221990e+03   1.251678e+03   1.568881e+02   2.515975e+01   1.196721e+00   -1.949821e-01   2.623932e-01   6.401761e-01   6.918639e-01
1.570000e+02   3.223457e+03   1.252612e+03   1.568880e+02   2.515957e+01   1.279272e+00   -2.674075e-01   0.000000e+00   0.000000e+00   0.000000e+00
