#   ID    	xpos      ypos        RA/deg	      DEC/deg	     flux	     mag 	  dev_ra/arcsec  dev_dec/arcsec  RMS/arcsec
1.400000e+01   1.611213e+02   2.125687e+02   1.561590e+02   2.660267e+01   1.077952e+01   -2.581499e+00   -3.831683e-01   -8.685082e-02   3.928881e-01
1.000000e+01   1.621200e+02   2.123660e+02   1.561591e+02   2.660271e+01   8.088137e+00   -2.269621e+00   -1.540342e-01   4.106101e-02   1.594131e-01
1.100000e+01   1.615234e+02   2.126801e+02   1.561594e+02   2.660266e+01   8.643042e+00   -2.341667e+00   9.896984e-01   -1.368879e-01   9.991202e-01
1.400000e+01   1.626045e+02   2.128373e+02   1.561592e+02   2.660275e+01   1.097891e+01   -2.601398e+00   3.103896e-01   1.796828e-01   3.586470e-01
1.500000e+01   1.627809e+02   2.120619e+02   1.561591e+02   2.660278e+01   1.137314e+01   -2.639701e+00   -1.150497e-01   3.082730e-01   3.290421e-01
1.100000e+01   1.629127e+02   2.117600e+02   1.561592e+02   2.660266e+01   7.254849e+00   -2.151571e+00   1.627165e-01   -1.531918e-01   2.234824e-01
1.400000e+01   1.631541e+02   2.118125e+02   1.561591e+02   2.660279e+01   1.036809e+01   -2.539247e+00   -1.421146e-01   3.153571e-01   3.458998e-01
1.500000e+01   1.635267e+02   2.120063e+02   1.561594e+02   2.660261e+01   1.112532e+01   -2.615782e+00   8.505273e-01   -3.215495e-01   9.092804e-01
1.700000e+01   1.655139e+02   2.108694e+02   1.561591e+02   2.660270e+01   1.288217e+01   -2.774973e+00   0.000000e+00   0.000000e+00   0.000000e+00
