#   ID    	xpos      ypos        RA/deg	      DEC/deg	     flux	     mag 	  dev_ra/arcsec  dev_dec/arcsec  RMS/arcsec
1.840000e+02   1.652070e+03   1.635905e+03   1.569691e+02   2.596343e+01   1.136660e+00   -1.390768e-01   3.054269e-01   -2.138855e-01   3.728708e-01
1.900000e+02   1.652506e+03   1.635926e+03   1.569691e+02   2.596350e+01   1.065328e+00   -6.870885e-02   3.644634e-01   4.393828e-02   3.671023e-01
1.530000e+02   1.652910e+03   1.636210e+03   1.569692e+02   2.596346e+01   1.140168e+00   -1.424218e-01   8.575565e-01   -1.172796e-01   8.655390e-01
1.630000e+02   1.651897e+03   1.636063e+03   1.569690e+02   2.596361e+01   1.093296e+00   -9.684473e-02   2.389831e-01   4.275259e-01   4.897870e-01
1.860000e+02   1.653241e+03   1.636016e+03   1.569690e+02   2.596347e+01   1.297854e+00   -2.830647e-01   2.699460e-01   -5.218206e-02   2.749433e-01
1.870000e+02   1.653171e+03   1.635890e+03   1.569691e+02   2.596357e+01   1.289780e+00   -2.762888e-01   4.052861e-01   2.908623e-01   4.988564e-01
1.850000e+02   1.653397e+03   1.635817e+03   1.569691e+02   2.596345e+01   1.023061e+00   -2.475379e-02   3.729971e-01   -1.508861e-01   4.023598e-01
1.920000e+02   1.653837e+03   1.636007e+03   1.569691e+02   2.596352e+01   1.486977e+00   -4.307606e-01   3.091646e-01   1.240949e-01   3.331401e-01
2.150000e+02   1.655000e+03   1.635802e+03   1.569690e+02   2.596349e+01   1.514197e+00   -4.504556e-01   0.000000e+00   0.000000e+00   0.000000e+00
