#   ID    	xpos      ypos        RA/deg	      DEC/deg	     flux	     mag 	  dev_ra/arcsec  dev_dec/arcsec  RMS/arcsec
2.000000e+00   3.355401e+03   1.625543e+00   1.562783e+02   2.500573e+01   2.953950e+00   -1.176008e+00   4.259009e+00   -5.627685e+00   7.057619e+00
2.000000e+00   3.355397e+03   1.551051e+00   1.562782e+02   2.500581e+01   2.936383e+00   -1.169532e+00   3.957159e+00   -5.330443e+00   6.638729e+00
3.000000e+00   3.355456e+03   1.569635e+00   1.562780e+02   2.500542e+01   3.120813e+00   -1.235669e+00   3.453671e+00   -6.760383e+00   7.591483e+00
2.000000e+00   3.355440e+03   1.608564e+00   1.562783e+02   2.500596e+01   3.038021e+00   -1.206477e+00   4.233699e+00   -4.805898e+00   6.404754e+00
2.000000e+00   3.355413e+03   1.591582e+00   1.562782e+02   2.500595e+01   3.076147e+00   -1.220018e+00   4.169505e+00   -4.822868e+00   6.375329e+00
2.000000e+00   3.355454e+03   1.581952e+00   1.562781e+02   2.500583e+01   3.047710e+00   -1.209934e+00   3.811902e+00   -5.260195e+00   6.496172e+00
2.000000e+00   3.355399e+03   1.523266e+00   1.562781e+02   2.500607e+01   3.013059e+00   -1.197519e+00   3.737622e+00   -4.405661e+00   5.777514e+00
2.000000e+00   3.355427e+03   1.655938e+00   1.562780e+02   2.500646e+01   2.986516e+00   -1.187912e+00   3.398574e+00   -3.005395e+00   4.536816e+00
2.000000e+00   3.355418e+03   1.537241e+00   1.562771e+02   2.500729e+01   3.104536e+00   -1.229992e+00   0.000000e+00   0.000000e+00   0.000000e+00
