#   ID    	xpos      ypos        RA/deg	      DEC/deg	     flux	     mag 	  dev_ra/arcsec  dev_dec/arcsec  RMS/arcsec
3.100000e+01   2.198699e+03   3.823730e+02   1.563861e+02   2.560483e+01   1.168969e+00   -1.695076e-01   5.020275e-01   -1.868274e-01   5.356642e-01
2.900000e+01   2.199130e+03   3.819184e+02   1.563860e+02   2.560484e+01   1.308202e+00   -2.916869e-01   1.157094e-01   -1.470510e-01   1.871167e-01
3.000000e+01   2.199989e+03   3.821554e+02   1.563859e+02   2.560490e+01   1.038120e+00   -4.061879e-02   -2.155459e-01   6.509259e-02   2.251601e-01
3.200000e+01   2.200161e+03   3.825094e+02   1.563861e+02   2.560490e+01   1.174661e+00   -1.747815e-01   4.745363e-01   5.823334e-02   4.780960e-01
3.000000e+01   2.200372e+03   3.820503e+02   1.563860e+02   2.560491e+01   1.356397e+00   -3.309668e-01   5.570445e-02   8.737114e-02   1.036181e-01
3.200000e+01   2.200392e+03   3.822120e+02   1.563860e+02   2.560486e+01   1.160405e+00   -1.615244e-01   2.803858e-01   -9.156529e-02   2.949583e-01
3.100000e+01   2.200590e+03   3.823977e+02   1.563861e+02   2.560493e+01   1.096889e+00   -1.004066e-01   5.926806e-01   1.585556e-01   6.135227e-01
3.300000e+01   2.201166e+03   3.824526e+02   1.563861e+02   2.560491e+01   1.371183e+00   -3.427386e-01   6.028350e-01   1.161541e-01   6.139233e-01
3.600000e+01   2.203013e+03   3.827571e+02   1.563860e+02   2.560488e+01   1.625605e+00   -5.275378e-01   0.000000e+00   0.000000e+00   0.000000e+00
