#   ID    	xpos      ypos        RA/deg	      DEC/deg	     flux	     mag 	  dev_ra/arcsec  dev_dec/arcsec  RMS/arcsec
3.400000e+01   1.337554e+03   3.931486e+02   1.563310e+02   2.603233e+01   1.156293e+00   -1.576693e-01   5.565836e-01   3.523567e-02   5.576979e-01
3.200000e+01   1.338049e+03   3.927418e+02   1.563310e+02   2.603230e+01   1.098019e+00   -1.015246e-01   4.432813e-01   -4.438976e-02   4.454983e-01
2.400000e+01   1.337779e+03   3.931064e+02   1.563312e+02   2.603238e+01   1.101000e+00   -1.044687e-01   1.132733e+00   2.313038e-01   1.156108e+00
3.400000e+01   1.338922e+03   3.931966e+02   1.563310e+02   2.603239e+01   1.284885e+00   -2.721610e-01   5.235204e-01   2.760575e-01   5.918457e-01
3.600000e+01   1.339143e+03   3.929096e+02   1.563309e+02   2.603230e+01   1.002930e+00   -3.176442e-03   1.736327e-01   -5.189278e-02   1.812213e-01
3.600000e+01   1.339416e+03   3.925813e+02   1.563310e+02   2.603229e+01   1.008722e+00   -9.429217e-03   3.257301e-01   -1.061270e-01   3.425829e-01
3.500000e+01   1.339574e+03   3.927053e+02   1.563310e+02   2.603236e+01   1.102067e+00   -1.055197e-01   4.617233e-01   1.574610e-01   4.878344e-01
3.700000e+01   1.340054e+03   3.927979e+02   1.563311e+02   2.603229e+01   1.203903e+00   -2.014786e-01   8.309420e-01   -1.047902e-01   8.375235e-01
4.100000e+01   1.341880e+03   3.924085e+02   1.563309e+02   2.603232e+01   1.236610e+00   -2.305820e-01   0.000000e+00   0.000000e+00   0.000000e+00
