#   ID    	xpos      ypos        RA/deg	      DEC/deg	     flux	     mag 	  dev_ra/arcsec  dev_dec/arcsec  RMS/arcsec
5.900000e+01   3.632477e+02   3.471798e+02   3.697613e+01   2.694071e+01   4.601902e+00   -1.657343e+00   -1.528514e-01   -2.167948e+00   2.173330e+00
6.000000e+01   3.631791e+02   3.477498e+02   3.697597e+01   2.694082e+01   4.339879e+00   -1.593694e+00   -7.577897e-01   -1.776853e+00   1.931696e+00
6.000000e+01   3.630929e+02   3.481507e+02   3.697609e+01   2.694075e+01   4.749482e+00   -1.691616e+00   -3.177443e-01   -2.020182e+00   2.045018e+00
5.900000e+01   3.630653e+02   3.484302e+02   3.697614e+01   2.694088e+01   4.335058e+00   -1.592487e+00   -1.248826e-01   -1.557948e+00   1.562945e+00
6.300000e+01   3.629898e+02   3.488276e+02   3.697590e+01   2.694083e+01   4.495713e+00   -1.631996e+00   -9.886272e-01   -1.738345e+00   1.999806e+00
6.200000e+01   3.629591e+02   3.489398e+02   3.697608e+01   2.694095e+01   4.874120e+00   -1.719741e+00   -3.289312e-01   -1.298860e+00   1.339863e+00
6.300000e+01   3.629648e+02   3.493094e+02   3.697611e+01   2.694097e+01   4.371059e+00   -1.601467e+00   -2.216445e-01   -1.235029e+00   1.254760e+00
6.100000e+01   3.629752e+02   3.497122e+02   3.697590e+01   2.694115e+01   4.679303e+00   -1.675453e+00   -9.906519e-01   -5.916987e-01   1.153906e+00
5.900000e+01   3.628081e+02   3.501577e+02   3.697618e+01   2.694131e+01   4.242743e+00   -1.569117e+00   0.000000e+00   0.000000e+00   0.000000e+00
