id xcentroid ycentroid peak flux mag RA/deg DEC/deg
1 1.5844367856467143 1.566904770842855 5016.0 8.68998214361322 -2.347547210126783 37.342152452968335 26.02676435906498
2 749.4307684522595 1.56679233153656 4931.0 8.621432145806965 -2.338948536185617 37.87751705009434 27.422379656313186
3 272.4138564114317 8.26475412639357 8160.0 5.179021361670717 -1.7856192558400545 37.523967948334345 26.53680578376883
4 472.2686359240545 8.834364702194396 7669.0 3.6280633709056196 -1.399187160547228 37.66601295316397 26.910163985537544
5 642.025347477723 17.006639350513254 13746.0 10.511884668640871 -2.55420146842748 37.77281723301796 27.232603765310337
6 454.68208278020535 18.321592501460902 16589.0 18.688144798980037 -3.1789154760853644 37.636334342786036 26.8838956673522
7 123.90347832498094 26.46558142268772 12079.0 11.665157042726516 -2.667226474697651 37.384868918517995 26.272227248091482
8 523.78075669182 27.148859410258417 6527.0 2.112236591235549 -0.8118564045802551 37.66990026041555 27.018941797387413
9 620.0903140119531 32.88619645247936 8059.0 3.825449319217227 -1.4567061316628354 37.72851149199824 27.20263458476256
10 245.47946894576134 42.626314990239564 6228.0 1.889632647091994 -0.6909434590476229 37.442792644827534 26.510269540589768
11 314.082040750577 60.09938544924551 6999.0 2.7931674502832307 -1.1152424310481572 37.460430189230905 26.650360159014983
12 87.28299475784416 81.57455463938585 5700.0 1.2722781001907344 -0.2614551292583123 37.25938837160472 26.241942004286543
13 487.8955912534491 93.86235138995575 14692.0 12.827664288304923 -2.7703689638043034 37.52404350669226 26.998042214689253
14 295.0218103424437 100.10446875202261 6600.0 2.310904135122551 -0.9094548242658929 37.37472641999921 26.6424156031002
15 307.6679184009164 104.86058380221326 7522.0 3.699475453767032 -1.4203503752458257 37.37521251381281 26.669299813291587
16 253.8337979343563 111.04033476996784 6545.0 2.0354606683476395 -0.7716567870727288 37.325542763073884 26.573103076983926
17 461.9274115370572 111.28745187884745 6852.0 2.839217088770525 -1.1329965007322649 37.47406663251056 26.96161372494678
18 232.80700249633168 115.17810635283972 5949.0 1.4525123108137437 -0.4052995548862466 37.303037060720776 26.53672061720219
19 80.41564911517217 117.01223674689476 5766.0 1.4350384196417445 -0.39215882099392757 37.19064019905737 26.253597568591722
20 362.5211618844586 130.3497827497706 7508.0 4.613146398225243 -1.6599930929115827 37.3685682336177 26.789267205081355
21 325.80153746784083 134.90249128098898 8518.0 4.650266985524528 -1.6686947193278212 37.334081025516966 26.72388564408171
22 556.1291718320604 147.65929547188745 5758.0 1.03668975299173 -0.03912201459095093 37.47598863751025 27.162527446023212
23 559.080324628185 151.99476273319075 6812.0 2.322786985590991 -0.9150234601181166 37.470292046991226 27.17102865536743
24 237.41251776955397 154.3272744193923 5793.0 1.3512919322279202 -0.32687295963772406 37.23581671867658 26.57234954023554
25 278.125814584829 166.89057118909002 6509.0 1.8370960275148052 -0.6603296451600074 37.24233274627472 26.657003357258688
26 83.02053485671668 169.3617386624458 6076.0 1.4689358223793372 -0.417507054834102 37.09821059717342 26.294608363545816
27 731.6563881746997 170.98186494974271 19164.0 20.405635023503894 -3.2743752864172238 37.5596344562617 27.50619796102889
28 308.55982073100523 172.93025313236893 11470.0 10.341283477199303 -2.536436108131131 37.25324072850779 26.717969334234425
29 424.7756551152482 180.0911286726231 35389.0 45.723889922073255 -4.150357926345975 37.32353821937283 26.939793819966756
30 16.885402958646342 181.66495677905797 7369.0 3.5635696222969377 -1.3797131203229642 37.02870498572868 26.1796842545784
31 216.27052466128205 196.00615357902387 36128.0 43.15231664934332 -4.087510289874257 37.145607748371894 26.561675870711756
32 6.043867955637348 201.06443769948135 7272.0 2.8450368956826573 -1.135219757220944 36.986000549863284 26.172848192384773
33 85.04878313141255 203.32060878521003 11897.0 10.050773711769253 -2.5054987379281406 37.03849426214742 26.321843517370763
34 348.02379690472895 204.27725582502777 5808.0 1.284200198114802 -0.27158183144877285 37.22502830819761 26.81326266189212
35 595.0499966222666 223.72063631439536 6593.0 2.3682698994960574 -0.9360779879294743 37.366845829144424 27.28768435367891
36 513.0870458038561 234.59598409290473 5679.0 1.009883270764958 -0.010677944871525801 37.28858142681925 27.142236689363816
37 62.98812061064999 235.79841929918632 27564.0 29.514615110012308 -3.6750928102713414 36.96420103518334 26.303101707343224
38 489.665100486136 236.42835708143187 5675.0 1.2878679518203584 -0.27467834013777026 37.26851368875889 27.0997924722224
39 341.9797027410188 239.5255035598172 9159.0 6.171060412805621 -1.9758994951154065 37.15721069875721 26.82632374841573
40 620.6764853279146 242.70946120403377 5603.0 1.3265066681423328 -0.3067735936363165 37.35098762784002 27.348620588087414
41 641.1180700320969 244.12029122425557 10475.0 6.885593317634372 -2.0948534212037275 37.36307999151431 27.387742490746522
42 280.93103482992814 247.12266886197483 6249.0 1.7716066631545964 -0.6209182625803343 37.09982312174294 26.717642159036732
43 365.2804575025472 264.18384760610707 6029.0 1.3260699557132876 -0.30641608878966886 37.12947535958968 26.886834796079835
44 207.50061365076274 270.1322384380462 7329.0 4.0626465232810345 -1.522022593801108 37.00581021446586 26.596496933886797
45 151.20930290702304 270.6251217551245 13590.0 13.76458187133221 -2.846907558260673 36.964624875260256 26.491787610058342
46 21.97121524498076 274.97333256112483 10192.0 6.689811964177804 -2.0635347772044415 36.864274375296624 26.253608789642417
47 31.06262160102616 275.1410942051854 6321.0 1.8133333418138333 -0.6461941175240065 36.8704805045006 26.270690831092278
48 409.2797703852336 285.2407938998467 21772.0 23.192558916019436 -3.4133716712711824 37.123044604270135 26.983486143315744
49 345.6660899967338 286.74765554129937 6929.0 3.3309961400689647 -1.3064353235864525 37.074790939417944 26.865812160717955
50 555.2147808184521 288.46789222327243 31284.0 40.479321096020776 -4.0180830501719695 37.22170301011387 27.25805549694992
51 742.1555463130602 293.17695993065337 5948.0 1.2137893365001677 -0.21035829441298343 37.347047012836114 27.610172307971112
52 730.9473589810135 300.395500212262 5673.0 1.1294860259536155 -0.13220215545220612 37.32602098043552 27.594240536760584
53 382.2683356512528 332.14834802588143 6028.0 1.2432802416350999 -0.23642257960484075 37.019215714028604 26.965469670866305
54 597.9335313684987 332.8828222576351 17695.0 16.975174856343536 -3.0745356412921003 37.17228203834817 27.368446790273705
55 435.83981957759556 335.192508735988 5799.0 1.3214287182661308 -0.30260935245928205 37.052082908243726 27.067545793021193
56 233.94311845229396 337.17663159548005 6103.0 1.4584332557739514 -0.4097163967874384 36.903976238804894 26.69214046347876
57 43.096323034389506 338.05063223510723 6129.0 1.5450412064542105 -0.4723501665170842 36.76577952328908 26.336589651953954
58 596.1093720911073 337.5284675651649 6693.0 2.1958810752386664 -0.8540220396202581 37.16260821470385 27.36825060232612
59 363.0653195294505 348.4301520370692 7935.0 4.335057719923064 -1.5924872108611376 36.97614120959852 26.940876693656353
60 179.5553786488857 353.64192340491076 5560.0 1.15286252430676 -0.1544438048918792 36.835383368109994 26.60201318810812
61 201.85424739830626 356.97948880878795 6832.0 2.5194374873055834 -1.0032589675996386 36.84533478876389 26.645931610579552
62 321.16787917808887 363.0844773991789 5918.0 1.1640592114253692 -0.16493767961043346 36.91975182794929 26.872808005891265
63 419.0752413008917 377.11068972393645 5825.0 1.105135059700412 -0.10853839210776611 36.96457657754895 27.065206412960478
64 224.72528891201586 385.201950644171 9612.0 6.915521299341131 -2.0995623081465915 36.81087197282944 26.70810191481541
65 375.1775749583926 389.27108733641614 36865.0 42.83745383707025 -4.079559123573421 36.91124746382179 26.99168277904553
66 703.9407740389785 390.2558656516278 6779.0 2.5002947930866637 -0.9949780411432331 37.14482694702962 27.605893901783446
67 173.1538185468636 392.96002614014265 6423.0 1.894676435498475 -0.6938376343410233 36.75997904438961 26.617217591210252
68 420.1436004578996 394.26377318408476 6350.0 1.8514241901122659 -0.6687648344554576 36.93444445189657 27.07904511392831
69 471.47952844012 394.95231521775406 11467.0 12.019784000190768 -2.699741658274931 36.96995431845555 27.175322630475275
70 334.81884608998934 417.94489608716697 9052.0 5.805628209216174 -1.909623050726793 36.830707057109855 26.93616666671848
71 369.46198725130614 431.4509220541124 65535.0 100.39111314129376 -5.004238174340251 36.83117952485187 27.010143480227953
72 498.9555223864475 430.6225034519422 6079.0 1.8169886866558809 -0.6483805580358825 36.92537287870954 27.25122958125163
73 536.829879975061 431.6884041062509 20399.0 25.745288918931525 -3.526744424831674 36.95056622931124 27.322645975786
74 613.0613028591033 439.49654341105156 5534.0 1.0121349993146218 -0.013096107215989632 36.99107400303698 27.47029934260724
75 588.5966419910077 443.75013136181155 6958.0 3.8769468285117603 -1.471224611982632 36.96589860535507 27.427581185626554
76 308.31650967720816 465.92807363560104 5954.0 1.260366378965063 -0.25124202397170475 36.72530515428761 26.919843027857606
77 407.63289252735603 480.95188866312327 20495.0 25.17399799791317 -3.502380483303714 36.769341657714556 27.11555980841397
78 104.61914294734547 485.543227984954 8544.0 6.2814627176576545 -1.9951519661258552 36.544151594100406 26.553252328472343
79 110.82498614389303 489.82018818864265 10437.0 7.604136210727599 -2.2026247191413093 36.540890340296684 26.56778697213395
80 722.627562396722 495.267994975402 5755.0 1.2553085018684094 -0.24687617548758561 36.96905158464969 27.713282248960237
81 391.92896751848696 517.0043584293774 7526.0 3.418207643638008 -1.3344961024766624 36.693160215753984 27.11114926850858
82 414.188389795824 516.9611346364428 6387.0 1.747553040033153 -0.6060759147555234 36.70917303347704 27.15265949460833
83 131.3272581138701 526.8212602917555 5725.0 1.1567023201321123 -0.15805401674430736 36.48891933790199 26.63159874029764
84 512.7919712023877 527.9408661510608 5668.0 1.1412661159614752 -0.14346730828079884 36.759983652852235 27.344253444042565
85 414.1317257004108 529.8021474377883 9647.0 6.692367884174062 -2.06394951604992 36.686002635535296 27.161421027834596
86 258.29224518145253 533.8665109512655 5624.0 1.018982185958574 -0.02041647913403169 36.56712014598371 26.873403228692123
87 17.388957788120532 545.8560218986844 14644.0 16.992091479112513 -3.075617093719838 36.373067468188744 26.43211376989654
88 68.13304048841839 549.8722585709772 8208.0 4.665173505550351 -1.672169501289811 36.40215964818134 26.5295847150805
89 708.2097164804055 551.0557729768908 6036.0 1.3658906282543146 -0.3385398130649086 36.858242653089135 27.724899853136797
90 726.298995310596 564.1395853210666 7546.0 3.520098571702526 -1.3663870624929773 36.84762513775358 27.767692633844483
91 165.0920030747435 568.9127888616856 6086.0 1.5472069415234468 -0.4738710129993429 36.437273438070854 26.723675843465937
92 587.5104611231028 569.769216110925 9585.0 8.609336418448331 -2.3374241966038536 36.73812955945859 27.512575843726335
93 1.5636477422885466 577.4532566480531 5095.0 8.820891644549864 -2.3637812181400966 36.304824107660124 26.424400169929427
94 749.4348702544586 577.4220238528751 4889.0 8.547815578970667 -2.329637858981778 36.84026257895914 27.82004042799833
