['id', 'xcentroid', 'ycentroid', 'sharpness', 'roundness1', 'roundness2', 'npix', 'sky', 'peak', 'flux', 'mag']
[(  1, 8.97615342e+01, 2.02848237e-01, 0.80544573,  9.47803708e-02, -6.43196566e-01, 25, 0.,   453.,  1.50032076, -0.4404603 )
 (  2, 1.71491599e+01, 1.11824189e+00, 0.72201208,  8.58168160e-01, -2.71206558e-01, 25, 0.,   402.,  1.254633  , -0.24629176)
 (  3, 3.36216801e+01, 1.08795626e+01, 0.72461051,  2.14899834e-01, -1.73889527e-01, 25, 0.,  2026.,  6.16142618, -1.97420312)
 (  4, 5.83137050e+02, 1.53250807e+01, 0.80306126,  1.43990198e-01,  1.10838824e-01, 25, 0.,  1583.,  4.55589864, -1.64643513)
 (  5, 7.07037438e+02, 1.48515140e+01, 0.91367304,  1.87933882e-01,  1.47306805e-01, 25, 0.,   786.,  2.16847092, -0.840384  )
 (  6, 4.73930497e+02, 1.56657159e+01, 0.81804878,  7.49152770e-01,  3.77947989e-01, 25, 0.,   356.,  1.06171203, -0.06501684)
 (  7, 4.93814015e+02, 1.71058463e+01, 0.86357093,  1.26083816e-02,  3.55795574e-02, 25, 0.,  5965., 16.78230584, -3.06212908)
 (  8, 2.03810081e+02, 2.01450949e+01, 0.88001396,  9.34738873e-02,  4.25904014e-02, 25, 0.,  5627., 15.61410671, -2.98379286)
 (  9, 3.35076239e+02, 1.96446151e+01, 0.61843315,  2.48239702e-01,  5.81337052e-01, 25, 0.,  6530., 20.6869583 , -3.2892416 )
 ( 10, 1.90582310e+02, 2.05890875e+01, 0.73683078,  4.26496316e-01,  8.25808009e-02, 25, 0.,   910.,  2.59793818, -1.03657203)
 ( 11, 1.85404071e+01, 2.20021905e+01, 0.77676259,  2.61954349e-01, -2.49890256e-01, 25, 0.,   913.,  2.52394553, -1.00519995)
 ( 12, 2.35213743e+02, 2.60234886e+01, 0.77510992,  2.43266449e-01, -8.28254433e-03, 25, 0.,   337.,  1.35114492, -0.32675483)
 ( 13, 3.60659034e+02, 2.60143706e+01, 0.81727449,  1.47947075e-01,  1.13480364e-01, 25, 0.,   482.,  1.41363352, -0.37584209)
 ( 14, 4.72908860e+02, 2.60572374e+01, 0.96696627, -3.11689460e-01,  5.78231073e-02, 25, 0.,   995.,  2.50974945, -0.99907592)
 ( 15, 2.26092511e+01, 2.73817562e+01, 0.59638654, -1.26833901e-01,  2.67023783e-02, 25, 0.,  2034.,  6.54288088, -2.03942253)
 ( 16, 8.21574753e+01, 3.37106788e+01, 0.86840491,  8.42602495e-02,  1.23798880e-01, 25, 0.,   618.,  1.80353313, -0.64031031)
 ( 17, 2.26988810e+01, 3.72585651e+01, 0.64213334, -1.98624917e-01,  2.15891644e-01, 25, 0.,   336.,  1.03039536, -0.03250973)
 ( 18, 3.49975762e+02, 3.71322412e+01, 0.86642059, -4.00457734e-01,  3.53373070e-02, 25, 0.,   543.,  1.66597538, -0.55417145)
 ( 19, 3.59314606e+02, 3.79572042e+01, 0.7315865 ,  1.45037614e-02, -6.37802772e-01, 25, 0.,   345.,  1.19114258, -0.18990937)
 ( 20, 5.47718186e+02, 3.79858576e+01, 0.65500608,  2.22008836e-01,  1.08786974e-01, 25, 0.,   378.,  1.24572529, -0.2385557 )
 ( 21, 3.53976026e+02, 3.99897344e+01, 0.8646349 ,  9.99131859e-01,  3.89345136e-01, 25, 0.,   451.,  1.29485392, -0.28055194)
 ( 22, 4.90148495e+02, 3.99515571e+01, 0.99145724, -1.23320891e-01, -3.40735260e-01, 25, 0.,   695.,  1.84058772, -0.6623913 )
 ( 23, 7.36416459e+01, 4.21910046e+01, 0.5978554 , -5.44060069e-01, -4.55666103e-01, 25, 0.,   305.,  1.17969683, -0.17942603)
 ( 24, 3.49903865e+02, 4.33104432e+01, 0.79600589,  9.79739462e-02,  1.68395731e-01, 25, 0.,  1860.,  5.54671032, -1.86008871)
 ( 25, 5.13037005e+02, 4.52118521e+01, 0.93590561,  5.16778445e-02,  1.33445371e-01, 25, 0.,  3301.,  8.82398451, -2.36416184)
 ( 26, 7.50153861e+02, 4.46565670e+01, 0.60870567, -5.95525171e-01,  2.25317928e-01, 25, 0.,   340.,  1.22603804, -0.22125986)
 ( 27, 1.69901956e+02, 4.66615038e+01, 0.84710349, -9.14272247e-02,  2.60832356e-01, 25, 0.,   535.,  1.51125721, -0.44834597)
 ( 28, 3.78396011e+02, 4.71201450e+01, 0.79498103,  1.42666270e-01, -7.93564558e-02, 25, 0.,  7221., 21.5686614 , -3.33455798)
 ( 29, 7.08851955e+02, 4.89942447e+01, 0.93492969, -1.57306821e-01, -9.66729518e-02, 25, 0.,  2108.,  5.60959637, -1.87232903)
 ( 30, 6.89910571e-01, 4.97167414e+01, 0.82837733, -5.42665495e-01,  1.21340491e-01, 25, 0.,   574.,  1.66251699, -0.55191523)
 ( 31, 4.24717800e+02, 5.06516253e+01, 0.88961327, -1.39786480e-01, -7.23056979e-02, 25, 0.,   393.,  1.03421943, -0.03653173)
 ( 32, 3.24040997e+02, 5.58807410e+01, 0.8162304 ,  5.06607206e-01,  3.03009927e-01, 25, 0.,   349.,  1.04572002, -0.04853856)
 ( 33, 2.79921148e+02, 6.18461173e+01, 0.90231655, -2.70852367e-02, -6.85803624e-02, 25, 0.,   706.,  2.03757031, -0.77278151)
 ( 34, 4.36046056e+02, 6.22868387e+01, 0.9313158 ,  1.13721705e-01,  9.48944953e-02, 25, 0.,   511.,  1.37573394, -0.34633613)
 ( 35, 3.36874980e+02, 6.38608008e+01, 0.88179035,  1.87617730e-01,  6.00358250e-02, 25, 0.,  6412., 18.60968862, -3.17434777)
 ( 36, 4.57953758e+02, 6.52753754e+01, 0.76613127,  2.44416401e-01,  3.20075636e-01, 25, 0.,   332.,  1.07567297, -0.07920064)
 ( 37, 5.29870514e+02, 6.53412287e+01, 0.91518866,  1.50733285e-01,  4.78150489e-01, 25, 0.,   386.,  1.01192403, -0.01286978)
 ( 38, 7.49260724e+02, 6.56293190e+01, 0.84371216,  3.85473333e-01,  1.72070637e-01, 25, 0.,   478.,  1.33257249, -0.31172711)
 ( 39, 6.55543720e+02, 7.50868382e+01, 0.77129528,  3.22508321e-01, -2.71394873e-01, 25, 0.,   398.,  1.17855597, -0.17837553)
 ( 40, 1.62204435e+02, 7.67366415e+01, 0.77769289,  1.34456790e-01,  1.48742997e-02, 25, 0.,  5417., 16.4627507 , -3.041256  )
 ( 41, 4.24956032e+02, 7.76366705e+01, 0.80006461,  2.93020913e-01,  2.29471512e-01, 25, 0.,  5719., 17.36825605, -3.09939053)
 ( 42, 1.05457736e+02, 8.47559882e+01, 0.70811995, -4.34601477e-01, -1.16331044e-01, 25, 0., 10709., 33.30793381, -3.80636923)
 ( 43, 6.86165150e+02, 9.73054006e+01, 0.59680257, -6.83537615e-01,  2.18967444e-02, 25, 0.,   354.,  1.15182609, -0.15346728)
 ( 44, 1.08167305e+01, 1.00977488e+02, 0.37034875,  6.48208849e-01,  4.18623443e-01, 25, 0.,   283.,  1.09805812, -0.10156332)
 ( 45, 1.59547081e+02, 1.00722083e+02, 0.6596127 ,  1.20463623e-01, -1.56854837e-01, 25, 0.,   701.,  2.37003536, -0.93688706)
 ( 46, 6.57802987e+02, 1.03056912e+02, 0.86593278, -5.15528106e-02, -5.24375983e-02, 25, 0.,  5007., 14.08331249, -2.87176204)
 ( 47, 9.78451065e+01, 1.04669345e+02, 0.92104772,  1.37604169e-01, -2.76046498e-01, 25, 0.,   408.,  1.0908234 , -0.09438612)
 ( 48, 2.99093346e+02, 1.04980976e+02, 0.9043825 ,  1.22194874e-01,  2.65079692e-02, 25, 0., 14087., 40.23597753, -4.01153639)
 ( 49, 2.67690805e+02, 1.05788575e+02, 0.75596588,  4.96493746e-01, -7.68347134e-03, 25, 0.,  2025.,  6.26020542, -1.99147146)
 ( 50, 1.16043577e+02, 1.12247978e+02, 0.84904207,  2.76525921e-01,  8.06102411e-02, 25, 0.,  5026., 14.28917688, -2.88751803)
 ( 51, 6.32802766e+02, 1.11972347e+02, 0.81853194, -1.03414147e-01, -6.69602906e-02, 25, 0.,  1049.,  3.24331132, -1.27747159)
 ( 52, 7.50786232e+02, 1.12238923e+02, 0.6002108 ,  2.71421863e-01,  7.21891633e-01, 25, 0.,   352.,  1.48076882, -0.42621815)
 ( 53, 6.81269317e+02, 1.16914295e+02, 0.97136383, -3.66654340e-01, -1.60747041e-01, 25, 0.,   686.,  1.87812045, -0.6843086 )
 ( 54, 8.77563851e+01, 1.18785971e+02, 0.78694907,  3.70123468e-01, -9.04530041e-03, 25, 0.,   662.,  2.06871352, -0.78925088)
 ( 55, 2.39856480e+02, 1.19807070e+02, 0.46069583, -6.78258779e-01,  3.85329350e-01, 25, 0.,   228.,  1.01110285, -0.01198833)
 ( 56, 5.69935711e+02, 1.18903512e+02, 0.92887367, -7.98493250e-02, -9.77603403e-02, 25, 0.,   651.,  1.72178314, -0.58994613)
 ( 57, 4.10662265e+01, 1.22016144e+02, 0.95661032,  2.76309373e-02, -1.70345582e-01, 25, 0.,   801.,  2.07443705, -0.79225065)
 ( 58, 2.50072150e+02, 1.22113821e+02, 0.70304845,  2.50438042e-02,  7.73420968e-02, 25, 0.,   542.,  1.94729441, -0.72357904)
 ( 59, 2.65447451e+02, 1.22904838e+02, 0.87586507,  1.00742012e-01,  1.73081806e-02, 25, 0.,   504.,  1.45622835, -0.40807371)
 ( 60, 1.99390115e+02, 1.30789722e+02, 0.71957567,  2.74709563e-01,  4.94398993e-02, 25, 0.,  1371.,  4.30854421, -1.58582638)
 ( 61, 5.95512826e+02, 1.31000427e+02, 0.75834717, -1.21372521e-01, -1.60519190e-01, 25, 0., 19733., 61.9711385 , -4.48047369)
 ( 62, 4.36261498e+02, 1.31833032e+02, 0.96398517, -1.83026599e-01, -2.04587378e-02, 25, 0.,   871.,  2.32498884, -0.91605218)
 ( 63, 8.80417813e+01, 1.39967662e+02, 0.72586714, -2.69241540e-01,  1.88727732e-02, 25, 0.,   277.,  1.1291844 , -0.13191218)
 ( 64, 5.50468648e+02, 1.43082808e+02, 0.7790026 , -8.83322204e-03, -5.37342023e-02, 25, 0.,  2889.,  8.71864661, -2.35112269)
 ( 65, 4.74709769e+02, 1.47638438e+02, 0.69762237,  3.38369852e-01,  8.07164202e-02, 25, 0.,  2036.,  6.63604801, -2.0547738 )
 ( 66, 3.53440342e+02, 1.49300215e+02, 0.85112665, -2.37736089e-01,  1.22821605e-02, 25, 0.,   349.,  1.07295503, -0.0764538 )
 ( 67, 4.55920836e+02, 1.49885179e+02, 0.89047731, -1.22964682e-01,  3.29159884e-02, 25, 0.,   952.,  2.78938775, -1.11377223)
 ( 68, 5.25354992e+02, 1.50099810e+02, 0.58094707, -1.41757496e-01, -4.08214679e-01, 25, 0.,   422.,  1.49457566, -0.43629476)
 ( 69, 3.14077514e+02, 1.53344007e+02, 0.74123168,  4.23788035e-01,  3.15081086e-01, 25, 0.,   473.,  1.45297416, -0.40564473)
 ( 70, 5.19952688e+02, 1.52752245e+02, 0.94483109,  4.35599895e-01,  9.16056754e-02, 25, 0.,   399.,  1.03220423, -0.03441408)
 ( 71, 3.55525389e+02, 1.54764189e+02, 0.85046051, -4.33009561e-01, -1.40997845e-01, 25, 0.,  1525.,  4.33134592, -1.59155717)
 ( 72, 1.06860661e+02, 1.56987734e+02, 0.57608991,  3.76864240e-01, -6.08915140e-02, 25, 0.,   225.,  1.09650192, -0.10002349)
 ( 73, 7.20141784e+01, 1.67389004e+02, 0.99670208,  5.75703829e-03,  2.99362231e-01, 25, 0.,   472.,  1.27414123, -0.26304393)
 ( 74, 6.49048955e+02, 1.67304015e+02, 0.91552804,  4.31844256e-01,  2.05112285e-01, 25, 0.,   425.,  1.07500402, -0.07852522)
 ( 75, 6.76060925e+02, 1.69001333e+02, 0.9444568 ,  6.22276192e-03,  5.95236106e-03, 25, 0.,  6236., 17.10102233, -3.08255519)
 ( 76, 2.43769270e+02, 1.71904258e+02, 0.85352954, -3.38147665e-01,  2.09149153e-02, 25, 0.,   332.,  1.07147432, -0.07495442)
 ( 77, 5.61064119e+02, 1.73504453e+02, 0.95541948, -2.38010830e-02,  3.64555730e-01, 25, 0.,  1160.,  3.594413  , -1.38906994)
 ( 78, 7.50736820e+02, 1.75711296e+02, 0.84885898,  8.04850235e-01,  7.86415228e-01, 25, 0.,   653.,  1.91133261, -0.70334067)
 ( 79, 3.02569908e+01, 1.77100579e+02, 0.83395242,  1.44841299e-01, -1.58396945e-01, 25, 0.,  2623.,  7.33406942, -2.16336254)
 ( 80, 3.25184240e+02, 1.80031541e+02, 0.80523053, -1.54801409e-01, -2.18887333e-03, 25, 0.,   946.,  2.95541305, -1.17654547)
 ( 81, 6.86061286e+02, 1.82855534e+02, 0.87180281, -2.82530073e-01, -1.64933721e-01, 25, 0.,   391.,  1.25134116, -0.24343932)
 ( 82, 2.20045401e+02, 1.83280291e+02, 0.63850789,  5.76493889e-02,  3.29351616e-01, 25, 0.,   385.,  1.35325405, -0.32844834)
 ( 83, 4.21016915e+02, 1.85195497e+02, 0.82125634,  1.60605033e-01,  1.18132148e-01, 25, 0.,  5339., 16.21301416, -3.02465941)
 ( 84, 5.34379001e+02, 1.85233917e+02, 0.6920349 ,  1.37355161e-01,  2.85777892e-01, 25, 0.,   338.,  1.0275079 , -0.02946292)
 ( 85, 7.32564166e+02, 1.86096937e+02, 0.75253197,  2.34901915e-02, -2.04619822e-01, 25, 0.,  1181.,  3.73490789, -1.43069974)
 ( 86, 5.74084006e+02, 1.86761904e+02, 0.86958387, -3.39213536e-02,  1.08137739e-01, 25, 0.,  9603., 28.09914866, -3.62173291)
 ( 87, 2.48211167e+02, 1.88025244e+02, 0.82772506,  6.13942478e-02, -4.39569854e-02, 25, 0., 19825., 59.92762817, -4.44406772)
 ( 88, 6.78073805e+02, 1.87919369e+02, 0.96447408,  1.08066035e-01,  5.09127224e-02, 25, 0.,  1718.,  4.69668056, -1.67947756)
 ( 89, 3.75777547e+02, 1.92630825e+02, 0.53674392,  6.76417215e-01,  5.34722522e-01, 25, 0.,   669.,  2.38265744, -0.94265402)
 ( 90, 4.71648194e+02, 1.92928756e+02, 0.75216732, -2.99950144e-01, -1.82048025e-01, 25, 0.,   472.,  1.51013477, -0.44753926)
 ( 91, 1.06018864e+02, 1.94560610e+02, 0.75518248,  1.39159602e-01,  2.67816220e-01, 25, 0.,   321.,  1.05541483, -0.05855798)
 ( 92, 1.61627317e+02, 1.94942166e+02, 0.77505004, -3.24187794e-01, -5.09763382e-01, 25, 0.,   321.,  1.09992507, -0.10340775)
 ( 93, 6.65701306e+02, 1.94714063e+02, 0.71585915,  3.86041710e-01, -3.15023225e-03, 25, 0.,  2399.,  7.44671707, -2.17991213)
 ( 94, 6.99494647e+00, 1.97225743e+02, 0.72528417,  5.93412084e-01,  1.46397396e-01, 25, 0.,   455.,  1.31602442, -0.29815987)
 ( 95, 2.36952388e+02, 1.97625579e+02, 0.5516287 , -3.85516378e-01, -3.59696486e-01, 25, 0.,   274.,  1.00502213, -0.00543906)
 ( 96, 3.82837045e+02, 2.03139154e+02, 0.94832188,  1.11413061e-01, -2.45521934e-01, 25, 0.,   378.,  1.06333161, -0.06667181)
 ( 97, 5.51978752e+02, 2.06725071e+02, 0.8058446 ,  2.55906332e-01,  1.97737616e-01, 25, 0.,  1236.,  3.65450812, -1.40707233)
 ( 98, 3.15545598e+02, 2.08141557e+02, 0.70158985, -1.34049332e-01, -5.69050396e-02, 25, 0.,   322.,  1.00489659, -0.00530343)
 ( 99, 3.34706206e+02, 2.08153546e+02, 0.7751191 , -2.62898077e-01, -6.64606545e-02, 25, 0.,   376.,  1.13306267, -0.13563483)
 (100, 4.00132044e+02, 2.08660774e+02, 0.61026049,  3.64962921e-02,  2.89378559e-01, 25, 0.,   363.,  1.27675875, -0.2652721 )
 (101, 3.26325522e+02, 2.13930989e+02, 0.86964501, -2.80113688e-01,  1.87598457e-01, 25, 0.,   946.,  2.64824138, -1.05739392)
 (102, 7.20879518e+02, 2.15085332e+02, 0.83057854, -2.89980460e-02, -1.91529978e-02, 25, 0.,  2597.,  7.55850471, -2.19608972)
 (103, 6.09621700e+02, 2.15882451e+02, 0.68145446,  1.52168764e-01,  9.66548788e-02, 25, 0.,   296.,  1.02455938, -0.02634283)
 (104, 4.56099157e+02, 2.18001638e+02, 0.9206456 ,  3.99678042e-02,  2.55944696e-02, 25, 0., 24369., 69.90772071, -4.61131286)
 (105, 4.31738712e+01, 2.18644126e+02, 0.87892863, -7.12566022e-02, -5.32372934e-02, 25, 0.,   737.,  1.97095951, -0.73669426)
 (106, 2.78039310e+02, 2.21101254e+02, 0.84635349,  1.13883544e-01,  6.12963886e-02, 25, 0.,  2631.,  8.06024436, -2.26587052)
 (107, 2.84117447e+02, 2.21060738e+02, 0.86768786,  3.60583534e-01,  6.12154238e-02, 25, 0.,  1250.,  3.6173181 , -1.39596675)
 (108, 2.86092062e+01, 2.22174498e+02, 0.78180966, -1.78696355e-02, -1.51145818e-01, 25, 0.,   636.,  1.89839133, -0.69596435)
 (109, 7.72892045e+01, 2.24529335e+02, 0.92370498,  3.31607349e-01,  1.56719108e-01, 25, 0.,   651.,  1.63152809, -0.53148639)
 (110, 9.66617237e+01, 2.26104699e+02, 0.78069282, -5.85601188e-01, -7.15012584e-01, 25, 0.,  1146.,  2.99947967, -1.19261481)
 (111, 4.46012532e+02, 2.27957506e+02, 0.89519417,  7.94551026e-02,  4.40039396e-02, 25, 0.,  3325.,  9.85985531, -2.48467635)
 (112, 5.35844260e+02, 2.28023176e+02, 0.83994868, -2.45372771e-01, -1.36489798e-03, 25, 0.,   807.,  2.37476406, -0.93905117)
 (113, 2.56626071e+02, 2.33767340e+02, 0.78482948, -1.23183926e-01,  8.07534046e-02, 25, 0.,  1006.,  2.7659573 , -1.10461368)
 (114, 1.65007731e+02, 2.37941414e+02, 0.85500853,  2.15460536e-01,  1.83511907e-01, 25, 0.,   857.,  2.50049635, -0.99506556)
 (115, 2.63571441e+02, 2.38005507e+02, 0.68780731, -1.07637505e-01, -2.22163631e-01, 25, 0.,  7208., 24.02406977, -3.45161645)
 (116, 1.37833166e+02, 2.39305451e+02, 0.77226742,  7.32775285e-02,  6.07090869e-02, 25, 0.,  6476., 19.82505791, -3.24303616)
 (117, 6.37890055e+02, 2.41143149e+02, 0.73688491,  1.16600514e-01, -1.43215517e-04, 25, 0.,   309.,  1.10837695, -0.11171872)
 (118, 5.92150678e+02, 2.45972964e+02, 0.82167703,  2.23309951e-01, -2.37622189e-02, 25, 0.,   626.,  1.96816308, -0.7351527 )
 (119, 3.95141629e+00, 2.48378315e+02, 0.78035938,  4.13384424e-01,  1.70858756e-01, 25, 0.,   740.,  2.14681768, -0.82948791)
 (120, 1.83424238e+02, 2.48119735e+02, 0.82616406,  4.59572045e-01, -1.55470850e-01, 25, 0.,   291.,  1.0131008 , -0.01413165)
 (121, 5.61524827e+02, 2.48103453e+02, 0.74849464,  8.08099741e-02, -1.27264933e-01, 25, 0.,   313.,  1.01883752, -0.02026233)
 (122, 6.48772122e+01, 2.48743635e+02, 0.59666564,  6.78989282e-01, -1.34865275e-01, 25, 0.,   308.,  1.1199288 , -0.12297604)
 (123, 8.08511768e+01, 2.49310733e+02, 0.776636  , -1.69698722e-02,  4.35756464e-02, 25, 0.,  1034.,  3.17186225, -1.2532858 )
 (124, 5.45772611e+02, 2.51146334e+02, 0.79163632, -5.62671037e-02, -3.96139760e-02, 25, 0.,  1366.,  4.15310908, -1.54593335)
 (125, 2.07920143e+02, 2.56970581e+02, 0.90711952,  1.29708245e-01,  7.85748537e-02, 25, 0.,  1673.,  4.72152665, -1.68520611)
 (126, 6.94994147e+02, 2.58760733e+02, 0.94174512,  4.10265652e-01,  9.65398582e-02, 25, 0.,   536.,  1.37026811, -0.34201387)
 (127, 2.95677180e+02, 2.61222485e+02, 0.6714349 , -2.30066778e-01, -9.51394122e-02, 25, 0.,  1646.,  5.39499693, -1.829978  )
 (128, 2.18248151e+02, 2.62267249e+02, 0.72214877,  1.64714598e-01, -3.91446998e-03, 25, 0.,   752.,  2.37847369, -0.94074588)
 (129, 6.79334390e+02, 2.64020843e+02, 0.79414348, -3.94141165e-02, -6.77851273e-02, 25, 0.,  1148.,  3.58720335, -1.38688999)
 (130, 7.14045147e+01, 2.64599312e+02, 0.74439961,  4.95596622e-01, -2.68789298e-01, 25, 0.,   698.,  2.05312216, -0.78103697)
 (131, 5.93381887e+02, 2.65005853e+02, 0.87098074, -3.50737850e-01, -2.75857132e-01, 25, 0.,   637.,  1.76620725, -0.61760416)
 (132, 3.63021822e+02, 2.66273408e+02, 0.82680009,  1.06842030e-01, -3.96702463e-02, 25, 0.,   849.,  2.60456576, -1.03933832)
 (133, 6.55969216e+02, 2.68015029e+02, 0.85315057, -8.19359897e-02, -3.69029068e-02, 25, 0.,  2651.,  8.05703592, -2.26543825)
 (134, 3.51744633e+02, 2.71337139e+02, 0.71809213, -3.36722135e-01, -1.10352292e-02, 25, 0.,   618.,  1.99655309, -0.75070216)
 (135, 4.15293544e+02, 2.70994966e+02, 0.88036751, -3.58125114e-02,  1.07125448e-02, 25, 0.,   843.,  2.52073528, -1.0038181 )
 (136, 5.13953533e+02, 2.72656597e+02, 0.79960262, -1.70959731e-01,  1.72027713e-01, 25, 0.,   908.,  2.73359358, -1.09183486)
 (137, 7.00084168e+02, 2.76777225e+02, 0.76589067,  3.63869749e-02,  8.16965594e-02, 25, 0.,   909.,  3.00356338, -1.194092  )
 (138, 7.10885770e+02, 2.78009636e+02, 0.91775298,  1.18803514e-01, -3.24334859e-02, 25, 0.,   851.,  2.36935763, -0.93657655)
 (139, 4.38145216e+02, 2.81034060e+02, 0.91447263,  4.59805910e-02, -1.82596402e-02, 25, 0.,  7773., 22.574405  , -3.38404078)
 (140, 3.74830622e+01, 2.88064485e+02, 0.57235978, -3.35030647e-02, -6.88669234e-01, 25, 0.,   237.,  1.00719931, -0.00778855)
 (141, 7.32140583e+02, 2.92536181e+02, 0.7241471 ,  1.22189373e-01,  2.05023975e-01, 25, 0.,  4620., 14.44055484, -2.8989597 )
 (142, 3.50803107e+02, 2.93811198e+02, 0.80914209,  7.95979926e-02,  1.61611862e-02, 25, 0.,  1084.,  3.38361063, -1.32345095)
 (143, 6.06642943e+02, 2.94523486e+02, 0.58399336,  5.81447501e-01,  2.97132047e-02, 25, 0.,  9894., 33.16062929, -3.80155691)
 (144, 2.16368570e+02, 2.96321484e+02, 0.87286223, -5.12577861e-02,  2.80973427e-02, 25, 0.,   442.,  1.13116453, -0.13381445)
 (145, 5.47043300e+02, 2.96768933e+02, 0.73761205, -1.60229068e-01,  2.29976010e-01, 25, 0.,   520.,  1.72062076, -0.5892129 )
 (146, 3.22156098e+02, 3.00812667e+02, 0.88134666,  2.60365854e-01, -1.17283441e-01, 25, 0.,   519.,  1.65267435, -0.54546822)
 (147, 6.29077682e+02, 3.03705211e+02, 0.82032707,  7.90658348e-01,  6.77335583e-03, 25, 0.,   394.,  1.13214614, -0.13475623)
 (148, 2.28649834e+01, 3.07701420e+02, 0.65114343, -3.14477691e-01,  2.05466518e-02, 25, 0.,   491.,  1.65076915, -0.54421586)
 (149, 3.30993830e+02, 3.17599952e+02, 0.7162066 ,  3.94813993e-01,  2.81592748e-01, 25, 0.,   629.,  2.29690556, -0.90285785)
 (150, 1.91195187e+02, 3.19072578e+02, 0.75753255,  1.11373395e-01,  9.20714371e-02, 25, 0.,   368.,  1.27353436, -0.26252667)
 (151, 3.34937067e+02, 3.21852212e+02, 0.93644852, -2.78924668e-01,  3.92289213e-02, 25, 0.,   388.,  1.11386781, -0.11708413)
 (152, 2.22293617e+02, 3.25042977e+02, 0.90459971, -1.43783460e-01, -1.39834057e-01, 25, 0.,   452.,  1.33354449, -0.31251878)
 (153, 6.72422467e+02, 3.25177387e+02, 0.63916138,  2.13760231e-01, -1.07390884e-01, 25, 0.,   342.,  1.24576076, -0.23858662)
 (154, 4.14267086e+02, 3.26026629e+02, 0.91118161,  4.81341800e-02,  7.43682583e-03, 25, 0.,  4176., 12.07878267, -2.70505792)
 (155, 6.09913262e+02, 3.28221505e+02, 0.87518301,  1.12956820e-01, -9.75799882e-02, 25, 0.,   625.,  1.73369759, -0.59743336)
 (156, 6.02354966e+02, 3.28915005e+02, 0.85821661, -2.23727012e-01, -9.08328631e-02, 25, 0.,  1717.,  4.92838952, -1.73176256)
 (157, 1.64536670e+02, 3.29949030e+02, 0.6739503 , -1.17323903e-01, -1.52563243e-01, 25, 0.,  1589.,  5.37798149, -1.82654826)
 (158, 1.33010572e+02, 3.35120477e+02, 0.69575454, -1.03923442e-02,  3.98468592e-02, 25, 0.,   294.,  1.06622008, -0.06961714)
 (159, 4.44263111e+02, 3.34799080e+02, 0.84145643, -9.41544055e-02,  3.16299938e-02, 25, 0., 13451., 40.70914773, -4.02423003)
 (160, 5.06947500e+02, 3.35112990e+02, 0.88002223,  2.23423418e-01,  1.83952211e-02, 25, 0.,  1606.,  4.80358308, -1.70391327)
 (161, 5.70356788e+02, 3.36677639e+02, 0.65330289,  2.09734793e-02, -1.44020968e-03, 25, 0.,   416.,  1.51977153, -0.45444576)
 (162, 9.98817869e+01, 3.38101684e+02, 0.88223912, -6.43747300e-01, -2.48195948e-01, 25, 0.,   648.,  1.78866056, -0.63131983)
 (163, 5.65128269e+02, 3.37577668e+02, 0.83517887, -3.67369554e-01, -9.83015379e-02, 25, 0.,   678.,  1.85167708, -0.66891313)
 (164, 7.14595204e+02, 3.37739369e+02, 0.65711104,  2.44923744e-01, -1.33535886e-01, 25, 0.,  2039.,  6.5079064 , -2.03360324)
 (165, 3.11993898e+02, 3.40706781e+02, 0.6099724 ,  1.96674937e-01, -4.00137366e-01, 25, 0.,   310.,  1.26012342, -0.25103271)
 (166, 3.50351300e+02, 3.40958686e+02, 0.76326157,  2.43579446e-01, -4.33044445e-02, 25, 0.,   380.,  1.28360646, -0.27107974)
 (167, 6.65998298e+02, 3.41173802e+02, 0.90861953,  2.00810568e-01, -1.96827101e-02, 25, 0.,  1913.,  5.1586912 , -1.78134883)
 (168, 2.61105384e+02, 3.42368900e+02, 0.7878226 ,  2.60442648e-01,  2.27132618e-01, 25, 0.,  2704.,  8.3774585 , -2.30778071)
 (169, 4.49543735e+02, 3.41713221e+02, 0.62750583, -1.08965920e-02,  2.42254974e-01, 25, 0.,   356.,  1.28272428, -0.27033329)
 (170, 2.80802202e+01, 3.43368030e+02, 0.75897612,  1.23638260e-01,  7.47412794e-02, 25, 0.,  4817., 14.44495948, -2.89929082)
 (171, 4.02929445e+02, 3.46974118e+02, 0.89048451,  4.06511271e-02, -8.45954224e-02, 25, 0.,  1642.,  4.87467324, -1.71986377)
 (172, 6.01787579e+01, 3.48265821e+02, 0.78338345,  3.78843466e-02,  2.81282859e-02, 25, 0.,  3554., 10.58460123, -2.56168625)
 (173, 3.38432654e+02, 3.49506868e+02, 0.7267167 , -5.77013950e-02,  2.53043867e-01, 25, 0.,   541.,  1.83684898, -0.66018363)
 (174, 4.15514282e+02, 3.49707583e+02, 0.48593932,  4.12300771e-01, -2.84243940e-01, 25, 0.,   260.,  1.05054118, -0.0535327 )
 (175, 2.42947187e+02, 3.58060852e+02, 0.76686453, -2.77829390e-01, -2.61412811e-01, 25, 0.,   335.,  1.13291862, -0.13549678)
 (176, 1.55724111e+02, 3.61004640e+02, 0.92571494,  6.32704602e-01,  1.10361374e-01, 25, 0.,   354.,  1.03364167, -0.03592502)
 (177, 1.65068221e+02, 3.61928202e+02, 0.88400775, -5.01771150e-01, -2.28659426e-01, 25, 0.,   654.,  1.9310882 , -0.71450527)
 (178, 3.71871998e+02, 3.61724893e+02, 0.70280992,  5.15753980e-01,  1.83676025e-01, 25, 0.,   736.,  2.26924826, -0.88970503)
 (179, 6.54156024e+02, 3.61747914e+02, 0.82152137,  3.65851718e-01,  4.30458789e-01, 25, 0.,   430.,  1.3493687 , -0.32532658)
 (180, 4.50423896e+02, 3.63880717e+02, 0.82088213, -3.29846065e-01, -7.22154814e-02, 25, 0.,   662.,  1.95405732, -0.72734325)
 (181, 5.79429665e+02, 3.64937787e+02, 0.79840407,  2.09739723e-02, -2.46531183e-01, 25, 0.,   443.,  1.41642493, -0.37798391)
 (182, 9.09153395e+01, 3.66090701e+02, 0.87448333, -1.38684261e-01, -5.31892952e-02, 25, 0.,  5037., 14.61385022, -2.91191163)
 (183, 1.79015131e+02, 3.68356802e+02, 0.87567153, -8.05802318e-02,  1.83225853e-01, 25, 0.,  1682.,  4.86167162, -1.71696405)
 (184, 7.38168998e+01, 3.68822820e+02, 0.8449384 ,  3.58951519e-01,  1.90768482e-01, 25, 0.,   368.,  1.10321353, -0.10664895)
 (185, 2.91104112e+00, 3.69554895e+02, 0.69780405, -4.38021007e-01,  1.09063524e-01, 25, 0.,   443.,  1.17647959, -0.17646099)
 (186, 4.05049226e+02, 3.69915489e+02, 0.81195083, -9.27752276e-02, -2.06738682e-02, 25, 0.,  1365.,  4.33863759, -1.59338344)
 (187, 2.69459476e+02, 3.73115357e+02, 0.60126556, -4.95844195e-01,  4.93679465e-01, 25, 0.,   393.,  1.343951  , -0.32095859)
 (188, 3.43077898e+02, 3.74869107e+02, 0.84482448, -6.40223673e-02,  5.51699756e-02, 25, 0.,  1873.,  5.67332342, -1.88459385)
 (189, 5.26752375e+02, 3.76830953e+02, 0.91607404,  3.27507399e-01, -3.32091806e-01, 25, 0.,   512.,  1.3730845 , -0.34424316)
 (190, 6.03677311e+02, 3.77177623e+02, 0.69174115,  2.99633852e-01,  4.14658383e-02, 25, 0.,   646.,  2.18585406, -0.84905291)
 (191, 2.71678512e+02, 3.77820714e+02, 0.5927547 ,  2.96492515e-02, -3.70879566e-01, 25, 0.,   522.,  1.98056732, -0.74197402)
 (192, 4.93217145e+02, 3.81621364e+02, 0.73422761,  1.73200820e-01,  5.12322636e-01, 25, 0.,   345.,  1.23805568, -0.23185044)
 (193, 5.72408157e+01, 3.81997633e+02, 0.96894496, -5.26932462e-01, -2.39746637e-02, 25, 0.,   910.,  2.32122675, -0.91429391)
 (194, 5.76630851e+02, 3.81808912e+02, 0.66940679,  1.31710382e-01,  3.19890714e-03, 25, 0.,  1834.,  5.98546289, -1.94274436)
 (195, 4.43629220e+02, 3.83274668e+02, 0.67950596,  4.73436322e-01, -2.71987165e-02, 25, 0.,   417.,  1.23910916, -0.23277392)
 (196, 1.32966409e+02, 3.84307296e+02, 0.69468065,  3.53877903e-02,  2.06627822e-02, 25, 0.,   802.,  2.66967083, -1.06614429)
 (197, 6.31850296e+02, 3.85071304e+02, 0.77126924,  7.64196651e-02, -6.98760238e-02, 25, 0.,  1298.,  4.05521467, -1.52003462)
 (198, 6.28125823e+02, 3.88171236e+02, 0.89574638,  9.59497777e-02,  3.85036769e-02, 25, 0.,  4551., 13.1027618 , -2.79340711)
 (199, 7.17095015e+02, 3.88427750e+02, 0.80177944,  3.20632030e-01,  1.02676066e-01, 25, 0.,   728.,  2.1999535 , -0.85603376)
 (200, 1.86847995e+02, 3.88989822e+02, 0.9020289 ,  3.03658944e-01,  2.33137680e-02, 25, 0.,   881.,  2.54238374, -1.01310276)
 (201, 3.11810699e+02, 3.91008150e+02, 0.89539266,  2.35579489e-01, -2.70351434e-01, 25, 0.,   509.,  1.47525955, -0.42217109)
 (202, 4.84979344e+02, 3.91827085e+02, 0.85542216,  1.54735693e-01, -3.85304543e-02, 25, 0.,  1206.,  3.77827824, -1.44323484)
 (203, 2.03124373e+02, 3.93963349e+02, 0.92729553, -7.71689405e-03,  2.64237985e-02, 25, 0.,  1713.,  4.86457623, -1.71761253)
 (204, 6.18057503e+02, 3.94058628e+02, 0.68471562,  1.90685702e-02, -2.42962394e-01, 25, 0.,   385.,  1.51070754, -0.44795099)
 (205, 4.81939388e+02, 3.96453841e+02, 0.57869675,  7.68982432e-01,  4.25106611e-01, 25, 0.,   463.,  1.81972517, -0.65001451)
 (206, 2.20056508e+02, 3.99426929e+02, 0.72660835,  2.25439491e-01,  3.19497175e-01, 25, 0.,   355.,  1.17795829, -0.17782478)
 (207, 3.40352079e+02, 4.00001951e+02, 0.72646561, -6.22416753e-02, -1.89466496e-01, 25, 0.,   862.,  2.93208584, -1.1679417 )
 (208, 6.22340183e+01, 4.01822635e+02, 0.97034644,  2.54289999e-02, -3.97042487e-01, 25, 0.,   363.,  1.13699368, -0.13939513)
 (209, 4.85143127e+02, 4.04470827e+02, 0.76448616,  4.08458981e-01,  2.66395826e-01, 25, 0.,  3074.,  9.68675989, -2.46544634)
 (210, 3.99020675e+02, 4.07218816e+02, 0.91978404,  2.58196683e-02,  3.61119342e-02, 25, 0.,  1348.,  3.88943253, -1.47471561)
 (211, 4.16166921e+02, 4.06827129e+02, 0.92142434,  5.16634126e-02,  8.93021079e-02, 25, 0.,   672.,  1.92827365, -0.71292167)
 (212, 5.38960566e+02, 4.08010409e+02, 0.75610014, -1.91646109e-02, -2.34431843e-03, 25, 0.,   447.,  1.48941609, -0.43254011)
 (213, 5.21164875e+02, 4.08825311e+02, 0.96498328,  1.09351728e-01,  2.51845056e-03, 25, 0.,   687.,  1.7938325 , -0.63445472)
 (214, 3.99591907e+01, 4.10037151e+02, 0.86796593,  1.36392099e-01,  2.57850326e-01, 25, 0.,   504.,  1.37347421, -0.34455128)
 (215, 1.12182514e+01, 4.11624651e+02, 0.81310811, -4.69523118e-01, -1.55916036e-01, 25, 0.,   636.,  1.74287779, -0.60316734)
 (216, 4.23465675e+02, 4.13812006e+02, 0.56444676,  1.65049290e-01, -1.63785973e-01, 25, 0., 11450., 42.3756699 , -4.06779144)
 (217, 6.59853873e+02, 4.14608017e+02, 0.72689347,  5.08787676e-01,  1.64421674e-01, 25, 0.,  1543.,  4.84234477, -1.71263927)
 (218, 4.54486064e+02, 4.15901954e+02, 0.56806183,  8.47095172e-01,  1.34429209e-01, 25, 0.,   361.,  1.2475851 , -0.24017545)
 (219, 2.24348282e+02, 4.16979905e+02, 0.83599264,  6.24302381e-02,  2.53688973e-01, 25, 0.,   352.,  1.07665659, -0.080193  )
 (220, 3.42155163e+02, 4.18160097e+02, 0.85047393, -2.13596366e-01, -1.05447168e-01, 25, 0.,   433.,  1.24810525, -0.24062802)
 (221, 4.56207698e+02, 4.18242118e+02, 0.8640999 ,  3.05858357e-01,  4.78223227e-02, 25, 0.,  1468.,  4.3767545 , -1.60288047)
 (222, 1.99040911e+02, 4.23961972e+02, 0.96747864,  1.95989237e-01, -1.42356302e-02, 25, 0.,   910.,  2.54972011, -1.01623128)
 (223, 4.01171285e+02, 4.27696198e+02, 0.78064698,  4.93423839e-02,  9.89066402e-02, 25, 0.,   655.,  2.07733236, -0.79376496)
 (224, 2.15048723e+02, 4.30026295e+02, 0.78847489,  5.03530588e-01,  2.49969535e-01, 25, 0.,   415.,  1.41359139, -0.37580972)
 (225, 9.01774650e+01, 4.31758227e+02, 0.86383505,  5.83280549e-01,  2.27232950e-01, 25, 0.,   379.,  1.10099068, -0.1044591 )
 (226, 5.39712932e+02, 4.31744738e+02, 0.69400135,  2.93523217e-01,  5.85773684e-03, 25, 0.,   481.,  1.59503723, -0.50692706)
 (227, 6.62580919e+02, 4.33132546e+02, 0.70045404,  2.31650129e-01, -5.93944492e-01, 25, 0.,   276.,  1.03654922, -0.03897483)
 (228, 1.56283158e+01, 4.33810130e+02, 0.7051214 ,  7.50704827e-02, -7.35160721e-02, 25, 0.,  2136.,  6.69110841, -2.06374517)
 (229, 4.11025582e+02, 4.34601046e+02, 0.64351256,  4.32337074e-01,  2.06868798e-01, 25, 0.,   502.,  1.7990208 , -0.63759046)
 (230, 5.91374212e+02, 4.35303129e+02, 0.78248555,  5.35035241e-01,  7.56695257e-02, 25, 0.,  1096.,  3.36315617, -1.31686758)
 (231, 3.13644078e+02, 4.36067969e+02, 0.67606093, -6.80419882e-01, -9.70847143e-02, 25, 0.,   950.,  3.0989772 , -1.22804595)
 (232, 3.69001997e+02, 4.37325258e+02, 0.73445682,  1.46734182e-01, -7.59170141e-02, 25, 0.,   296.,  1.04045827, -0.04306166)
 (233, 5.00270515e+02, 4.42092147e+02, 0.93580264,  1.22463441e-01, -1.38310441e-01, 25, 0.,  1192.,  3.38267484, -1.32315063)
 (234, 6.06195745e+02, 4.44070166e+02, 0.71646179, -1.51541493e-01,  2.55663951e-01, 25, 0.,   349.,  1.21555412, -0.21193575)
 (235, 6.33500408e+02, 4.43929639e+02, 0.64195796,  1.61643461e-03, -3.02767186e-01, 25, 0.,   501.,  1.78003668, -0.62607238)
 (236, 7.27231518e+02, 4.44415088e+02, 0.65870901, -4.95607809e-01, -2.19944830e-01, 25, 0.,   273.,  1.03160358, -0.0337821 )
 (237, 2.90306378e+02, 4.46450994e+02, 0.80629666,  3.82483022e-02,  1.28349566e-01, 25, 0.,   314.,  1.01165589, -0.01258203)
 (238, 3.46729688e+02, 4.46779768e+02, 0.90221783, -3.35151067e-01, -3.56901363e-01, 25, 0.,   354.,  1.08212242, -0.08569099)
 (239, 4.30968874e+02, 4.46520241e+02, 0.71190746,  3.26668008e-01,  2.05485776e-01, 25, 0.,  1115.,  3.65042105, -1.4058574 )
 (240, 5.47059782e+02, 4.46943150e+02, 0.78267846,  4.73937554e-01,  2.04771325e-01, 25, 0.,   358.,  1.05964862, -0.0629047 )
 (241, 3.69160911e+02, 4.48014715e+02, 0.89884117, -4.37748865e-01, -1.82473629e-01, 25, 0.,   363.,  1.06483819, -0.06820905)
 (242, 9.30204324e+01, 4.48843014e+02, 0.8663332 , -3.37528896e-01,  1.28591293e-02, 25, 0.,   807.,  2.40014468, -0.95059355)
 (243, 5.52600346e+02, 4.49107468e+02, 0.59991714,  4.02691258e-02, -2.10819508e-02, 25, 0.,   951.,  3.45550401, -1.3462785 )
 (244, 3.28305511e+02, 4.52330947e+02, 0.92985598, -6.26142088e-01, -5.47523745e-02, 25, 0.,   487.,  1.44630786, -0.40065186)
 (245, 5.99250334e+01, 4.53419921e+02, 0.80100543, -1.40743545e-01,  5.57375945e-02, 25, 0.,  1705.,  5.08250411, -1.76519435)
 (246, 2.17918163e+02, 4.53879596e+02, 0.81766269,  8.21562110e-02, -1.53462572e-01, 25, 0.,   462.,  1.53448677, -0.46490787)
 (247, 2.40177831e+02, 4.54053456e+02, 0.8199779 ,  2.29474994e-02, -1.11612107e-01, 25, 0.,   910.,  2.82179278, -1.12631279)
 (248, 2.96697257e+02, 4.55775440e+02, 0.62977145, -3.40930123e-01,  3.50631957e-01, 25, 0.,   420.,  1.48597988, -0.43003232)
 (249, 4.82397056e+02, 4.56369126e+02, 0.78748497,  1.73321327e-01, -2.71192068e-03, 25, 0.,  1090.,  3.25801774, -1.28238361)
 (250, 4.51587195e+01, 4.58215956e+02, 0.90387395, -3.77724279e-01, -3.89409773e-01, 25, 0.,   372.,  1.14150467, -0.14369423)
 (251, 6.71787640e+02, 4.58728322e+02, 0.47890484, -3.03219882e-01,  5.92698802e-02, 25, 0.,   373.,  1.25479534, -0.24643224)
 (252, 4.95937769e+02, 4.60772375e+02, 0.45736277,  4.54599496e-01,  6.40244588e-01, 25, 0.,   265.,  1.24550077, -0.23836   )
 (253, 4.61676635e+02, 4.60824040e+02, 0.68644868,  1.70034342e-01, -8.62150578e-02, 25, 0.,  2051.,  6.80916732, -2.08273501)
 (254, 5.12293542e+01, 4.63938793e+02, 0.63279325, -4.12475446e-01, -2.57625917e-01, 25, 0.,   705.,  2.55730586, -1.01945668)
 (255, 5.36995820e+02, 4.66334038e+02, 0.71004625,  3.97306580e-01,  5.18281746e-01, 25, 0.,   409.,  1.47569482, -0.42249138)
 (256, 4.38759152e+02, 4.73293360e+02, 0.85238017, -5.07836014e-01,  8.87122489e-03, 25, 0.,   655.,  1.88955894, -0.69090111)
 (257, 7.20106933e+02, 4.73017419e+02, 0.89114833,  1.29158139e-01,  8.63177763e-03, 25, 0.,  6759., 19.35585097, -3.21703067)
 (258, 2.61916877e+02, 4.73382562e+02, 0.57080239,  5.36544919e-01,  4.19336572e-01, 25, 0.,  1282.,  4.81808915, -1.70718708)
 (259, 3.20065693e+02, 4.74927847e+02, 0.94514776,  8.96033006e-02, -2.79985062e-02, 25, 0.,   742.,  2.12713018, -0.81948518)
 (260, 4.21117631e+02, 4.75804080e+02, 0.76063329, -6.10293784e-01,  2.01277641e-01, 25, 0.,   745.,  2.41227044, -0.95606499)
 (261, 4.25140529e+02, 4.78099702e+02, 0.89652616, -1.05432049e-01,  2.26363430e-02, 25, 0.,  1129.,  3.25085035, -1.27999245)
 (262, 1.10891634e+01, 4.80114573e+02, 0.89314216, -4.24785203e-01, -1.61129823e-01, 25, 0.,   814.,  2.18829708, -0.8502657 )
 (263, 3.08983309e+02, 4.80180808e+02, 0.89361498,  6.76930316e-04,  1.95465529e-02, 25, 0.,   915.,  2.71958334, -1.08625593)
 (264, 2.05114745e+02, 4.82391838e+02, 0.4257104 ,  4.90158871e-01,  4.50955712e-01, 25, 0.,   300.,  1.50729902, -0.44549854)
 (265, 3.55430518e+01, 4.83671343e+02, 0.5892611 ,  4.34345752e-01,  3.61200176e-02, 25, 0.,   400.,  1.52925158, -0.46119734)
 (266, 5.53421829e+02, 4.84056186e+02, 0.82190844, -8.89639334e-02,  1.35960472e-02, 25, 0.,   795.,  2.41665363, -0.95803602)
 (267, 4.19044456e+01, 4.88932810e+02, 0.93274875, -1.81627211e-01, -2.69867740e-01, 25, 0.,   749.,  2.01477485, -0.7605663 )
 (268, 2.08223756e+02, 4.89223513e+02, 0.66707665,  4.79516745e-01, -2.79889315e-02, 25, 0.,   323.,  1.15579876, -0.15720556)
 (269, 5.90225144e+02, 4.90651180e+02, 0.71555102,  6.12581203e-01,  4.37356628e-01, 25, 0.,   523.,  1.77624052, -0.62375443)
 (270, 2.52059755e+02, 4.92062109e+02, 0.94009567, -6.00241844e-01, -5.03662532e-01, 25, 0.,   370.,  1.07711017, -0.08065031)
 (271, 4.03925323e+02, 4.92525005e+02, 0.75286755,  3.71056569e-01,  2.80828226e-01, 25, 0.,  1268.,  4.11767078, -1.53662905)
 (272, 2.86566849e+02, 4.93289055e+02, 0.65546207, -7.72657591e-01,  1.82649242e-02, 25, 0.,  1441.,  4.3457759 , -1.59516832)
 (273, 2.36829821e+02, 4.94261534e+02, 0.78681853, -1.00513768e-01,  1.52411244e-01, 25, 0.,  1453.,  4.41006762, -1.61111312)
 (274, 5.73717280e+02, 4.95187337e+02, 0.77246161,  4.12910623e-01, -6.66051900e-02, 25, 0.,   540.,  1.68110927, -0.56398986)
 (275, 1.44512594e+02, 4.96696654e+02, 0.58390341, -5.38869469e-01,  4.46798166e-02, 25, 0.,   523.,  1.8061999 , -0.64191454)
 (276, 5.97454962e+02, 4.96113329e+02, 0.83225882,  2.40313430e-01, -1.02075442e-02, 25, 0.,   437.,  1.30448036, -0.28859386)
 (277, 6.48024434e+02, 4.97222646e+02, 0.83919375,  1.31081809e-01,  7.19020332e-02, 25, 0.,  1614.,  4.85529203, -1.71553839)
 (278, 5.74812878e+02, 4.97864818e+02, 0.70076001,  6.99534853e-01,  8.06656112e-01, 25, 0.,   422.,  1.45586207, -0.40780058)
 (279, 2.00280536e+02, 4.98969407e+02, 0.69366981,  5.48594803e-01, -2.97804182e-01, 25, 0.,   302.,  1.14256369, -0.14470105)
 (280, 1.06874152e+02, 5.01918885e+02, 0.96634432, -3.79263407e-01,  3.61981895e-02, 25, 0.,   639.,  1.69718423, -0.57432247)
 (281, 1.24091787e+02, 5.03081209e+02, 0.93745569, -2.18960598e-01, -2.63643146e-01, 25, 0.,   443.,  1.30475269, -0.2888205 )
 (282, 7.63188823e+01, 5.10276816e+02, 0.76314286, -9.31780496e-02, -1.22460798e-02, 25, 0.,   983.,  3.06501393, -1.21608113)
 (283, 4.65970867e+02, 5.09858848e+02, 0.71532704,  4.21752030e-02, -2.72632394e-01, 25, 0.,   387.,  1.35124744, -0.32683721)
 (284, 4.57871558e+02, 5.12230746e+02, 0.83321274,  8.70894154e-02,  1.93905263e-01, 25, 0.,   712.,  2.12326919, -0.81751265)
 (285, 6.99601466e+02, 5.16367123e+02, 0.4347279 , -2.71036144e-01,  6.11450694e-02, 25, 0.,   194.,  1.04066094, -0.04327314)
 (286, 3.48758430e+02, 5.18196142e+02, 0.80901769, -1.19207524e-02,  9.65368745e-02, 25, 0.,  1176.,  3.47576077, -1.35262469)
 (287, 3.11977456e+02, 5.24659433e+02, 0.79339731,  2.14822003e-01,  1.46373334e-01, 25, 0.,  1020.,  3.18569697, -1.25801116)
 (288, 6.67837885e+02, 5.27234578e+02, 0.74827039,  3.46505218e-01,  2.36979143e-01, 25, 0.,   794.,  2.53222399, -1.0087553 )
 (289, 2.76230500e+02, 5.27363243e+02, 0.73555204,  6.89251479e-01,  3.23094625e-01, 25, 0.,   351.,  1.2386855 , -0.23240264)
 (290, 2.00967686e+02, 5.29865265e+02, 0.83903631, -1.23526201e-01, -1.96725805e-01, 25, 0.,   354.,  1.04674674, -0.04960405)
 (291, 4.23823793e+02, 5.29658927e+02, 0.78268149,  4.48317713e-01, -2.76780050e-01, 25, 0.,   345.,  1.11909209, -0.12216457)
 (292, 5.23368843e+02, 5.29883006e+02, 0.83714335, -6.21277467e-02, -1.04430015e-01, 25, 0.,  3058.,  8.99612612, -2.38513884)
 (293, 3.19143987e+02, 5.32014478e+02, 0.85444457, -3.62406235e-01, -2.01968641e-01, 25, 0.,  1027.,  3.1349902 , -1.24059047)
 (294, 7.15286595e+02, 5.37111162e+02, 0.7079052 ,  6.51019697e-02, -2.06732551e-01, 25, 0.,   274.,  1.07317028, -0.07667159)
 (295, 1.81643508e+02, 5.38293594e+02, 0.63661546,  9.71017490e-02,  4.45955700e-02, 25, 0.,   713.,  2.50024673, -0.99495717)
 (296, 2.67232477e+02, 5.38973782e+02, 0.819563  ,  1.72533892e-01,  1.31139927e-01, 25, 0.,   486.,  1.59411608, -0.50629986)
 (297, 1.27936532e+01, 5.42322996e+02, 0.74582137,  1.55828767e-01,  2.23530366e-01, 25, 0.,   492.,  1.42605724, -0.38534239)
 (298, 1.22147756e+02, 5.43849175e+02, 0.73239416, -3.14297115e-01, -1.92609658e-01, 25, 0.,   283.,  1.03764576, -0.04012279)
 (299, 7.32577879e+02, 5.44920646e+02, 0.40666898, -4.63619399e-01, -1.68573668e-02, 25, 0.,   307.,  1.51711306, -0.45254486)
 (300, 7.27530101e+02, 5.46017659e+02, 0.83605067, -1.94495598e-02, -1.03237424e-01, 25, 0.,   459.,  1.45671837, -0.408439  )
 (301, 1.38922885e+02, 5.48092912e+02, 0.91866051, -2.28989958e-02,  2.76494225e-02, 25, 0.,  2060.,  5.6766058 , -1.88522184)
 (302, 2.58819002e+02, 5.48125901e+02, 0.73626134, -3.85506496e-01, -1.06934649e-01, 25, 0.,   660.,  2.24148177, -0.87633803)
 (303, 4.14080735e+02, 5.47474244e+02, 0.63405946, -5.33468565e-01,  1.14097572e-01, 25, 0.,   310.,  1.14384615, -0.14591904)
 (304, 6.08057952e+02, 5.52040217e+02, 0.90868163,  3.81647579e-01,  2.12417614e-02, 25, 0.,   556.,  1.64808789, -0.54245092)
 (305, 6.87977577e+02, 5.52387200e+02, 0.63361042,  2.12827116e-01,  2.59163701e-01, 25, 0.,   389.,  1.4616259 , -0.41209058)
 (306, 5.77218260e+02, 5.52766066e+02, 0.67534665, -5.17236946e-01,  3.97634220e-02, 25, 0.,   327.,  1.1626644 , -0.16363593)
 (307, 6.85876518e+02, 5.55554853e+02, 0.79725053,  5.16451341e-01,  6.93140592e-01, 25, 0.,   339.,  1.14381393, -0.14588845)
 (308, 2.83952816e+02, 5.57972996e+02, 0.83971261,  2.92962007e-02,  1.78426200e-01, 25, 0.,   734.,  2.37918831, -0.94107204)
 (309, 1.25246421e+02, 5.58782865e+02, 0.45495882, -2.65070392e-01, -1.36774168e-01, 25, 0.,   185.,  1.11572221, -0.1188902 )
 (310, 2.48900198e+02, 5.59124861e+02, 0.89430637, -2.29064696e-01,  4.77757420e-02, 25, 0.,   330.,  1.01703447, -0.01833918)
 (311, 3.87339947e+02, 5.59248434e+02, 0.54080214,  8.13619970e-02, -4.81906512e-01, 25, 0.,   284.,  1.152495  , -0.15409762)
 (312, 1.59033796e+02, 5.64151611e+02, 0.73004488, -5.27081698e-01, -2.77635241e-02, 25, 0.,   382.,  1.3538925 , -0.32896046)
 (313, 4.75850500e+02, 5.65446323e+02, 0.74801143, -2.88897142e-01,  2.99761375e-01, 25, 0.,   763.,  2.51447489, -1.00111826)
 (314, 3.28098893e+02, 5.67185953e+02, 0.95450235,  5.05899312e-02,  1.17722183e-01, 25, 0.,  1934.,  5.24340047, -1.79903257)
 (315, 2.40206554e+01, 5.70825531e+02, 0.32786723,  5.83468149e-02,  5.48986472e-01, 25, 0.,   177.,  1.01824342, -0.01962904)
 (316, 3.56015222e+02, 5.72940452e+02, 0.91233581,  1.66084834e-01,  1.13200656e-01, 25, 0.,  1727.,  5.0411538 , -1.75632487)
 (317, 3.18080662e+02, 5.74131109e+02, 0.73268161, -2.19416808e-01, -4.36704023e-01, 25, 0.,   311.,  1.15097255, -0.15266241)
 (318, 4.52327196e+02, 5.78334251e+02, 0.68596074,  3.04071512e-01, -4.76083595e-02, 25, 0.,  5245., 18.11014711, -3.14480495)]