id peak flux mag RA DEC
145 2060.0 2.8383029007843974 -1.1326468526447557 45.32836357608561 51.00184660740736
137 983.0 1.5325069673481546 -0.46350614414901686 45.3512537770323 50.85882896878542
129 814.0 1.0941485416016008 -0.09769071454270106 45.358480041818865 50.71624726598053
132 749.0 1.0073874232692488 -0.007991311512537822 45.36483701131149 50.77982275322895
144 713.0 1.250123365133502 -0.2423821808263603 45.376801764374385 51.074647196391616
146 660.0 1.1207408830737429 -0.12376303670790227 45.414766705798854 51.22533692393336
147 734.0 1.1895941560025973 -0.18849705501276576 45.41517544610269 51.2790395143834
123 705.0 1.278652928180993 -0.26688169381803306 45.41652956384696 50.77979800939357
149 1934.0 2.621700233657596 -1.0464575819331288 45.43043568998049 51.367736356396186
150 1727.0 2.520576901332097 -1.0037498801195153 45.440214214907655 51.423775181907736
119 1705.0 2.541252054901135 -1.0126193570609954 45.44172542040565 50.78868042823944
112 2136.0 3.3455542027694536 -1.3111701761625862 45.44506198585955 50.69246285163672
117 807.0 1.2000723403724953 -0.19801856528086467 45.473826534547015 50.84717781645306
143 1027.0 1.5674951002889808 -0.488015479943832 45.48725660327524 51.32655373859726
140 1020.0 1.5928484863645986 -0.5054361679001158 45.49532131139274 51.308074683754626
135 1453.0 2.2050338080134417 -0.8585381313589889 45.49581930145699 51.146843457011045
151 5245.0 9.05507355520188 -2.3922299561968514 45.4999648651402 51.607041463372994
134 1441.0 2.172887948539819 -0.8425933280130471 45.53343654244732 51.238868188712125
139 1176.0 1.7378803839548222 -0.6000497030432652 45.53347414541742 51.37212779201979
148 763.0 1.2572374433382314 -0.24854326699379675 45.54011587108955 51.64191050306
125 1282.0 2.409044574911673 -0.9546120897209227 45.551475070049975 51.179062418354675
95 910.0 1.1606133725867416 -0.16171892549539726 45.568288995850395 50.73394167368149
120 910.0 1.4108963883339884 -0.3737378043592537 45.570573994848154 51.12508422138796
130 915.0 1.3597916703256605 -0.3336809412225256 45.57318573919088 51.2715208258113
126 742.0 1.0635650916662451 -0.06691018619959839 45.59062860085712 51.28851866638894
110 910.0 1.2748600570626518 -0.263656285883559 45.59504735385712 51.02745694892092
86 4817.0 7.222479739665163 -2.14671583061251 45.6167603612832 50.65269074499006
97 802.0 1.3348354140918437 -0.313569300659324 45.6187427005111 50.876690529374414
133 1268.0 2.0588353901375713 -0.7840540622557073 45.619443653483394 51.45707371458945
90 5037.0 7.306925109053753 -2.1593366403722882 45.621192137488364 50.78562865478077
138 712.0 1.0616345962332299 -0.06493765686676102 45.62289316079025 51.57134327792302
88 3554.0 5.2923006126501395 -1.8091112624031744 45.63109620826706 50.715927965336206
142 3058.0 4.498063058334656 -1.6325638487888383 45.638367164322695 51.70571219771596
101 881.0 1.2711918699902365 -0.2605277666073605 45.649174575823025 50.98037799605242
103 1713.0 2.432288114673664 -0.9650375441022269 45.65196409104578 51.01417795969877
114 950.0 1.5494886012131566 -0.4754709642674973 45.65591236688642 51.24948923484875
128 1129.0 1.6254251773632937 -0.5274174564103415 45.660696151493454 51.48657025439509
127 745.0 1.2061352186689807 -0.2034899971842104 45.66192522499251 51.47747362549629
91 1682.0 2.4308358095521685 -0.9643890636924293 45.680647808041144 50.95141071928014
122 2051.0 3.404583658398578 -1.3301600256327095 45.71812545974935 51.54263763843212
116 1115.0 1.825210522657951 -0.6532824097287521 45.72171536584517 51.47544261438986
111 655.0 1.0386661786672287 -0.041189975587800735 45.73409422921792 51.40679627823475
80 1589.0 2.688990744822848 -1.0739732685935055 45.73930801421725 50.89767943581001
104 862.0 1.466042917604764 -0.41536671056171787 45.740060821171895 51.27415369196425
121 1090.0 1.6290088678968155 -0.5298086212503563 45.74108293684894 51.57815498065776
131 795.0 1.2083268132131675 -0.2054610318617907 45.742488968680505 51.7298141198256
141 794.0 1.2661119939945593 -0.25618030729699237 45.74731520217926 51.973135309706706
106 1348.0 1.9447162665988056 -0.7221406171887754 45.76938517329979 51.38852820202153
59 740.0 1.0734088401556183 -0.07691291909310659 45.77026057783071 50.541571211689394
107 11450.0 21.1878349483848 -3.315216452889773 45.7751514364335 51.43868105401754
115 1192.0 1.691337421513186 -0.5705756447821988 45.77965869356266 51.60152632219389
85 2704.0 4.188729248350988 -1.555205723207108 45.7866028691719 51.086316931637214
136 1614.0 2.427646015531613 -0.9629634021478833 45.787022747405004 51.915306998776465
93 1873.0 2.836661707562893 -1.1320188653101222 45.787244245165596 51.26173261686893
66 698.0 1.0265610776631386 -0.028461984614672885 45.789720060452396 50.67858878111675
109 1468.0 2.188377247817906 -0.8503054771095617 45.79079275256309 51.502791956182506
118 951.0 1.7277520055120117 -0.5937035143865482 45.80477448567945 51.703946031322815
60 1034.0 1.5859311269628031 -0.5007108076596984 45.82403889529806 50.685549468030736
89 736.0 1.134624129742833 -0.1371300383738631 45.831657355240644 51.30624711444581
105 3074.0 4.843379944025089 -1.712871347673783 45.8364359863268 51.54713319498173
92 1365.0 2.1693187958142977 -0.8408084479116223 45.84084684981806 51.373787828626725
113 1096.0 1.681578082958341 -0.564292595734737 45.857572116539586 51.766601545388156
102 1206.0 1.889139118297412 -0.6906598525655787 45.859065842004306 51.53802330422317
52 1146.0 1.4997398337534011 -0.44003981669748726 45.877191686197044 50.698858009595156
87 1642.0 2.43733662247463 -0.9672887851974663 45.88059310762312 51.35386138575989
77 629.0 1.1484527807452218 -0.1502828591163292 45.881565580854456 51.199329743582844
124 6759.0 9.677925486983728 -2.464455685081344 45.88255347109278 52.032801731465064
58 6476.0 9.912528956832528 -2.4904611725100425 45.88313215538375 50.784787555937825
64 752.0 1.1892368455520688 -0.18817089069496323 45.89981133739171 50.95065806553665
62 1673.0 2.3607633252413045 -0.9326311243106572 45.9018928372918 50.92771989580829
56 857.0 1.2502481737601194 -0.24249057211348654 45.90518306121084 50.834486768884574
37 2623.0 3.6670347095372504 -1.4107875517553086 45.91746992475843 50.54096549223591
78 4176.0 6.039391336088193 -1.952482929045316 45.92645682862987 51.36040590433379
81 13451.0 20.354573864865074 -3.2716550364919494 45.93230537172762 51.42242254320073
75 1084.0 1.6918053126870085 -0.5708759610445956 45.93865043638427 51.21968549933685
96 1834.0 2.992731444716263 -1.1901693670163693 45.943184043867134 51.70187089519887
108 1543.0 2.421172386855667 -0.9600642804970025 45.94418945356785 51.87982547227801
63 1646.0 2.6974984637588433 -1.077403015054426 45.95752857770369 51.09424596024935
99 4551.0 6.551380900311002 -2.0408321256193274 45.9688726190453 51.80227983917772
94 646.0 1.0929270291402127 -0.09647791654016649 45.9710208378926 51.74905615032051
57 7208.0 12.012034885030374 -2.6990414619879783 45.97614647093257 51.018238523553336
82 1606.0 2.401791540174087 -0.9513382769419751 45.97694513228137 51.5394748966568
98 1298.0 2.027607336072065 -0.7674596346801625 45.977135741458824 51.80706298929374
55 1006.0 1.3829786503015977 -0.35203868937708227 45.978762943199044 51.0023421556951
67 849.0 1.3022828785294327 -0.2867633270177495 45.99700646788497 51.2232829617986
50 2631.0 4.030122180532249 -1.513295531932552 46.016993159660885 51.03343284831277
51 1250.0 1.8086590515384893 -0.643391765420645 46.02144927159713 51.044733317932874
27 801.0 1.0372185273220018 -0.03967566438579756 46.02437001659567 50.522753461374144
73 7773.0 11.287202501523877 -2.631465791770298 46.02462472491749 51.373579816629224
69 843.0 1.2603676415015765 -0.25124311157681617 46.02620717450511 51.32399707666738
100 728.0 1.0999767524542228 -0.10345876656024802 46.032570798463446 51.96828292639201
42 19825.0 29.963814084386236 -3.6914927343821895 46.05499139025637 50.95480503060675
79 1717.0 2.4641947601643697 -0.9791875743986134 46.05689884075502 51.71298323450714
26 662.0 1.0343567608242794 -0.03667589364084207 46.06385194960739 50.60752713979929
47 946.0 1.3241206890345498 -0.30481892838034036 46.064714888372954 51.11843758657771
84 1913.0 2.5793455977858395 -1.028773839210482 46.08073951674134 51.84014087578312
70 908.0 1.3667967876040832 -0.33925987350334386 46.09436580898662 51.50904074294044
24 5026.0 7.144588440908577 -2.1349430415332464 46.096013934981976 50.65569716525311
76 9894.0 16.580314642944085 -3.0489819196366326 46.121866535724315 51.69702638270019
83 2039.0 3.2539531984410903 -1.2810282554872334 46.121963983647795 51.92832618988502
28 1371.0 2.1542721049292615 -0.8332513948117513 46.12275952368579 50.82395366554905
38 946.0 1.4777065244016794 -0.4239704770812461 46.12488199210451 51.09270411504442
53 3325.0 4.929927652898676 -1.7321013650402195 46.12579078952021 51.35128272670583
19 10709.0 16.653966906181545 -3.053794243294436 46.13784217454363 50.61682244842096
44 669.0 1.1913287200107359 -0.19007902920879127 46.13869912133119 51.19577568222889
20 701.0 1.1850176781423478 -0.1843120730433761 46.14812306217318 50.72875459555516
49 24369.0 34.953860352583796 -3.858737867031347 46.15097679138413 51.36314970292165
61 1366.0 2.0765545417229743 -0.7933583563829111 46.15601212931107 51.553367519697325
10 2034.0 3.2714404412005336 -1.286847545199426 46.181321156214544 50.42245275386096
39 5339.0 8.106507080412305 -2.272084415901646 46.18470052148971 51.274917005403346
8 913.0 1.2619727664884215 -0.25262495721597344 46.18806556621033 50.411122946475864
54 807.0 1.1873820306772427 -0.1864761805403521 46.19045433796296 51.51876054972224
34 1525.0 2.165672960978 -0.8389821857022759 46.192222071748304 51.131659968405444
17 5417.0 8.231375350959853 -2.288681014953152 46.19319276470208 50.717004922286314
68 2651.0 4.028517960299178 -1.512863260487241 46.2051305743586 51.77050323738378
74 4620.0 7.220277421123195 -2.146384711426978 46.21594398442286 51.929550192158295
23 2025.0 3.130102710336411 -1.2388964715022845 46.216994992961524 50.93384545822962
1 2026.0 3.0807130898900796 -1.2216281347248505 46.21895260699618 50.43148666686677
71 909.0 1.5017816887311508 -0.44151701164650015 46.22117935902786 51.85882817391286
72 851.0 1.1846788173063536 -0.18400155776749336 46.226751591232684 51.87981885188153
65 1148.0 1.793601673849523 -0.6343150013733312 46.229166384762756 51.811270813859686
46 1236.0 1.8272540617241284 -0.6544973398288216 46.240408094542765 51.53400148329304
22 14087.0 20.11798876288476 -3.258961403081897 46.24109376879864 50.99181243212328
33 952.0 1.3946938773814 -0.3611972359535303 46.273399805890385 51.315383597559915
32 2036.0 3.3180240040481723 -1.3021988089435457 46.290991569576946 51.34883864255299
30 871.0 1.1624944190527964 -0.16347719147402745 46.2917010625468 51.26617087343452
41 9603.0 14.049574331488783 -2.8691579158899345 46.29226588513939 51.56130056909149
15 706.0 1.0187851534956298 -0.02020651867872765 46.3048738410461 50.92604100163193
36 1160.0 1.797206502058903 -0.6364949528616649 46.30672877871332 51.52780157520159
7 910.0 1.2989690923378845 -0.2839970439897334 46.314675100853776 50.73079773239864
5 5627.0 7.807053355749409 -2.2312178686846678 46.32501304977221 50.755143019297826
16 6412.0 9.304844308233488 -2.421772776917701 46.342321095526316 51.0335968588886
45 2399.0 3.7233585329000602 -1.4273371442412597 46.344028126950114 51.737598268709384
48 2597.0 3.7792523534829665 -1.4435147304977634 46.347168684606345 51.85462749055635
31 2889.0 4.3593233053849465 -1.5985476982025262 46.3538209577827 51.48686880561237
43 1718.0 2.3483402779615505 -0.9269025676119265 46.36517515501995 51.75592707500961
18 5719.0 8.684128025253491 -2.3468155434769398 46.3810554715549 51.207358967986295
11 1860.0 2.7733551593411003 -1.1075137235888042 46.38868995085376 51.0435701371347
35 6236.0 8.550511164227029 -2.3299801959336968 46.397759928395345 51.739001576626094
13 7221.0 10.78433070042087 -2.581982992480582 46.40238270046883 51.09932791203386
40 1181.0 1.8674539435142286 -0.6781247493453952 46.40774942840283 51.85621939175671
29 19733.0 30.985569248108416 -3.7278986978853275 46.40804233419267 51.56241029270234
6 6530.0 10.343479148806773 -2.5366666082543423 46.420575416710605 50.99945380109631
25 1049.0 1.6216556585246553 -0.5248966045295128 46.46916812465968 51.61866238628477
12 3301.0 4.411992253946157 -1.6115868532149238 46.5029116775033 51.3489485034918
21 5007.0 7.041656247099265 -2.119187050688077 46.503237097880294 51.65905045834507
9 995.0 1.2548747271613239 -0.24650093203648415 46.508435459321376 51.26081745229433
4 5965.0 8.391152919220358 -2.3095540892160074 46.53961598641268 51.29354793231619
2 1583.0 2.277949318340077 -0.8938601432886816 46.60723470540586 51.45879184372598
14 2108.0 2.80479818348402 -1.1197540437019502 46.63731755853796 51.71655042635916
3 786.0 1.0842354583639473 -0.08780901538576474 46.69743686333149 51.68939273889811
