#   ID    	xpos      ypos        RA/deg	      DEC/deg	     flux	     mag 	  dev_ra/arcsec  dev_dec/arcsec  RMS/arcsec
1.300000e+01   2.952378e+02   9.899028e+01   3.737455e+01   2.664231e+01   1.981365e+00   -7.424114e-01   -3.331113e-01   -2.334578e+00   2.358223e+00
1.400000e+01   2.951951e+02   9.945642e+01   3.737456e+01   2.664245e+01   1.898172e+00   -6.958389e-01   -3.038861e-01   -1.819327e+00   1.844532e+00
1.400000e+01   2.951598e+02   9.998607e+01   3.737454e+01   2.664254e+01   2.129555e+00   -8.207222e-01   -3.935364e-01   -1.483878e+00   1.535176e+00
1.400000e+01   2.950218e+02   1.001045e+02   3.737473e+01   2.664242e+01   2.310904e+00   -9.094548e-01   2.864419e-01   -1.940549e+00   1.961575e+00
1.400000e+01   2.949990e+02   1.005892e+02   3.737444e+01   2.664245e+01   2.026491e+00   -7.668618e-01   -7.401830e-01   -1.810694e+00   1.956140e+00
1.400000e+01   2.950191e+02   1.007863e+02   3.737447e+01   2.664271e+01   2.267091e+00   -8.886726e-01   -6.376440e-01   -8.686879e-01   1.077594e+00
1.400000e+01   2.950377e+02   1.010656e+02   3.737466e+01   2.664271e+01   2.246531e+00   -8.787811e-01   4.278268e-02   -8.755099e-01   8.765546e-01
1.400000e+01   2.949483e+02   1.014078e+02   3.737451e+01   2.664262e+01   1.662393e+00   -5.518343e-01   -4.789228e-01   -1.206640e+00   1.298209e+00
1.300000e+01   2.948462e+02   1.019663e+02   3.737465e+01   2.664295e+01   2.120614e+00   -8.161538e-01   0.000000e+00   0.000000e+00   0.000000e+00
