#   ID    	xpos      ypos        RA/deg	      DEC/deg	     flux	     mag 	  dev_ra/arcsec  dev_dec/arcsec  RMS/arcsec
5.000000e+01   7.422468e+02   2.919573e+02   3.734707e+01   2.761001e+01   1.417978e+00   -3.791735e-01   3.771551e-01   -2.414642e+00   2.443919e+00
5.200000e+01   7.423414e+02   2.924774e+02   3.734701e+01   2.761032e+01   1.057215e+00   -6.040793e-02   1.454617e-01   -1.323042e+00   1.331014e+00
4.900000e+01   7.422828e+02   2.929698e+02   3.734703e+01   2.761031e+01   1.238282e+00   -2.320487e-01   2.432858e-01   -1.339673e+00   1.361585e+00
5.100000e+01   7.421555e+02   2.931770e+02   3.734705e+01   2.761017e+01   1.213789e+00   -2.103583e-01   2.898938e-01   -1.840469e+00   1.863160e+00
5.200000e+01   7.422049e+02   2.934872e+02   3.734710e+01   2.761032e+01   1.225680e+00   -2.209423e-01   4.663014e-01   -1.323773e+00   1.403500e+00
5.100000e+01   7.421054e+02   2.937445e+02   3.734700e+01   2.761037e+01   1.309221e+00   -2.925328e-01   1.045158e-01   -1.118064e+00   1.122938e+00
5.000000e+01   7.422485e+02   2.938810e+02   3.734699e+01   2.761047e+01   1.498684e+00   -4.392752e-01   8.798427e-02   -7.682504e-01   7.732722e-01
5.100000e+01   7.421130e+02   2.943284e+02   3.734709e+01   2.761045e+01   1.331892e+00   -3.111726e-01   4.277515e-01   -8.314864e-01   9.350620e-01
5.200000e+01   7.418993e+02   2.950170e+02   3.734697e+01   2.761068e+01   1.247696e+00   -2.402722e-01   0.000000e+00   0.000000e+00   0.000000e+00
