id xcentroid ycentroid peak flux mag RA DEC
1 1.5823247905215263 1.5544614613213275 5044.0 8.743222538988116 -2.3541788312862515 37.34278970294416 26.02644179193306
2 749.4536132903355 1.6065924590524938 4930.0 8.55490788582491 -2.33053834419212 37.87812702502893 27.422209849862348
3 272.4577754160995 8.72620484333766 8484.0 5.344991359033404 -1.8198675186107551 37.52380002115321 26.53692366280973
4 472.3369691095181 9.082743581687698 7659.0 3.751536976216708 -1.435523078343401 37.6662592759121 26.910199119719472
5 642.046940672261 17.346051999304724 11884.0 9.049931362148484 -2.3916132134403 37.77287462117928 27.23263264549599
6 454.6959828487726 18.800218572680535 18967.0 20.698056658256313 -3.2898239285921393 37.63612273595592 26.88398915116026
7 123.86902112336921 26.856965789064205 14873.0 12.968174429450698 -2.7821971084796266 37.38475562218079 26.27214138341485
8 523.8220372577956 27.546704247663136 6113.0 2.0840616694580776 -0.7972764150584937 37.669855520991646 27.019039404797155
9 620.0893154853165 33.15234675798795 7882.0 3.627832668804599 -1.3991181183166599 37.72867823121842 27.202572867618247
10 245.61399433689354 43.08609935184378 6216.0 1.9700725696026407 -0.7362055603246691 37.442679951369826 26.510561996254566
11 314.13116533658405 60.64144748515909 6550.0 2.297081989360571 -0.9029412416786803 37.460107089247714 26.65056115756865
12 87.2957001772049 82.03826386554962 5988.0 1.2941813222267269 -0.2799878193591113 37.25915870647399 26.242005372688563
13 487.889661734552 94.07138802065558 14415.0 12.897066554476954 -2.7762273524775205 37.52428165708815 26.997935697669718
14 294.99903396236317 100.58918592947202 6466.0 2.026491112051427 -0.7668617582950871 37.37444124640199 26.642451673720895
15 307.700477893297 105.08633295303517 7357.0 3.5997340667293534 -1.3906760452390698 37.375432827895956 26.66926271066765
16 253.78831318466408 111.24954523626224 6225.0 1.7485478208145344 -0.606693785682182 37.3257315164953 26.572905498299342
17 461.9394103329086 111.7096790443486 7207.0 3.206802123262543 -1.2651804061927117 37.473926327718544 26.96169015037326
18 232.89350362066003 115.79387986202273 5895.0 1.2747119879609263 -0.26353017531920453 37.30258517272371 26.537049349774428
19 80.1263237461104 117.36584627003316 5818.0 1.3045340262047238 -0.2886385282537464 37.19038098607458 26.253030006177855
20 692.8454499769574 116.7746186375712 5725.0 1.1888732993003284 -0.187838933546933 37.63011647174629 27.396122784772064
21 165.88919547929095 122.51270894533648 5704.0 1.063201777460317 -0.06653923497157008 37.242509688630605 26.416642448341936
22 362.51651399237227 130.80846628100954 8046.0 5.08345712898639 -1.765397913283768 37.368337790179815 26.789333509876595
23 325.8327994041773 135.18539005524391 8100.0 4.519068174696462 -1.637622232876104 37.334189133303425 26.723895304012828
24 558.9743368622152 152.26631355588353 6287.0 2.04750307492756 -0.7780614066343378 37.47033220532282 27.170800749774738
25 237.52599699666396 154.6305972611936 5782.0 1.2229855253145852 -0.21855329240019133 37.23593495856616 26.572523640646775
26 278.11583404467694 167.10690071251943 6577.0 1.9769774017647797 -0.7400042626304771 37.24251801121172 26.65689411577768
27 369.8951608469788 167.42166354216383 5424.0 1.0669121427714874 -0.07032164490486875 37.30765947031613 26.828396843056517
28 83.13247174650677 169.81840727927093 6392.0 1.8788408122601932 -0.6847249634422925 37.098036602047586 26.294875053570724
29 731.632128430044 171.22249260754768 16992.0 18.44315063595588 -3.1645877835144813 37.55979413104705 27.506122454739376
30 308.5668752748036 173.17120351782404 10533.0 9.32135772213956 -2.4236979376144685 37.25339391550631 26.71791335506705
31 424.75315246885344 180.48744600347243 25490.0 38.5128359661637 -3.9640137497577754 37.323395686955216 26.939802808825014
32 16.85354435208875 182.00294706291416 7920.0 3.7882680865048495 -1.4461017634534534 37.02863362373028 26.17959767836977
33 216.27406599823794 196.30454861006848 29455.0 37.67129491086935 -3.940026372181883 37.145641583870244 26.56165051700575
34 474.2258686134564 201.11205638289425 5849.0 1.3299434534560768 -0.3095829400604502 37.32165866087981 27.046380094007482
35 6.0419194507537926 201.49862944659208 6803.0 2.539711734497571 -1.0119610639695158 36.985770440034145 26.172888046571735
36 85.10340087580873 203.76938639083176 12672.0 10.492105058264357 -2.55215657641132 37.038282833213316 26.32200702183778
37 347.853794780359 204.79285626298767 6073.0 1.4583974490855531 -0.40968974003433734 37.22455259904626 26.813078029265025
38 62.96489288033175 236.019238144774 28892.0 29.907615644779664 -3.6894544767782627 36.964332833834135 26.302969041062223
39 489.63867010036984 236.72887599049417 5798.0 1.2466807016192185 -0.2393880918333349 37.26852735394614 27.09974904595583
40 341.9707186421791 239.86031856077827 10165.0 6.822603586537208 -2.084875345545195 37.15716441576829 26.826323556776302
41 620.4407767225097 242.9679645110804 5853.0 1.2583769778460445 -0.24952691054895354 37.350933748581404 27.348171519822202
42 641.0962943437534 244.47758545869794 8900.0 6.161463064277084 -1.974209623469911 37.363002189666176 27.387763217365006
43 280.8359286225864 247.61123996482985 5947.0 1.587769590063491 -0.5019686995346903 37.099431776987146 26.71758375865566
44 365.2556964289619 264.49307528930916 5864.0 1.2938608011398849 -0.27971888915352466 37.12945760167488 26.88679623873602
45 151.20066679935877 270.9431630352173 15881.0 15.819340259774155 -2.9979709185877517 36.9645867256496 26.491766886706323
46 207.53687989645013 270.5285723970946 6875.0 3.339197792559696 -1.3091053615570856 37.005667005585074 26.596619240693197
47 21.972049503717432 275.24242924801524 9299.0 5.896117830107603 -1.9264153850812704 36.86432134284031 26.253560974562493
48 31.096367871639004 275.4837355886092 5807.0 1.4413444005748806 -0.3969194131700078 36.87041908197843 26.270756141047936
49 409.27009591436325 285.68461231836886 20652.0 22.866586698327875 -3.3980033554703843 37.12279139218454 26.983578453137667
50 345.62100359366826 287.0156043313877 7186.0 3.53853329444616 -1.3720582157117611 37.07482457181983 26.865711328839378
51 555.193178295917 288.84414574663265 40831.0 46.174319964632105 -4.161001270146287 37.22157151695122 27.258093409358718
52 742.204910573357 293.48719607363466 5675.0 1.2256795465296935 -0.22094234722311565 37.34709601497063 27.610315834677614
53 731.0886760584228 300.65930494149035 5766.0 1.2255159564187625 -0.22079742552574133 37.32621644621286 27.59452447018414
54 559.3571471782926 303.698309922398 6374.0 1.6847238148175188 -0.5663217874518558 37.197791953922085 27.276125917689598
55 369.0706050052454 305.45986214348693 5608.0 1.1351198052714875 -0.1376042529912268 37.05838459069429 26.922216166421713
56 157.1926505625265 325.97334524677336 5724.0 1.033892350271095 -0.036188305025686075 36.8697362743015 26.540964965509215
57 382.27461057940934 332.24686963834364 5934.0 1.4062248037309297 -0.37013688495209807 37.019579382698446 26.96536317942405
58 597.9258344768773 333.0713011739036 17747.0 16.84880414218428 -3.0664227047274624 37.172487531964265 27.368396776586962
59 435.8433422544923 335.7101158892649 5799.0 1.4658919568386157 -0.4152549048249133 37.05169214252865 27.067729505912705
60 233.81107905487565 337.4924887198612 5782.0 1.40935827935656 -0.37255352778426093 36.90383803391784 26.691913414894476
61 596.1243846986246 337.8649243252489 6959.0 2.3095220717448703 -0.9088052927188071 37.16256178601917 27.36834626224943
62 43.10667512121359 338.62653198040056 5883.0 1.4071653546015854 -0.37086283486537797 36.76526200367827 26.336790330002906
63 362.9897795727022 348.82764367645683 8180.0 4.495712751350764 -1.6319963866913179 36.97590128055067 26.940826583386528
64 179.55551101266306 353.91779621447034 5885.0 1.207017956551255 -0.20428432763176577 36.83540305252694 26.602004476255843
65 201.93942615921898 357.26203627244234 6585.0 2.2333788917047475 -0.8724060179538484 36.84540374077602 26.64608920880474
66 224.69054193814065 385.675696048263 8895.0 6.330638335827486 -2.003618758357088 36.81050317731215 26.70817744415833
67 375.16353628351897 389.72463241052475 36009.0 43.53991590657253 -4.097218964762988 36.91093845203974 26.991798186999006
68 704.0407973981725 390.74924410274724 6794.0 2.5217049302307943 -1.0042356688463947 37.14454905391465 27.606280774663503
69 173.1274267744412 393.1283516978841 6139.0 1.8247384044631736 -0.6530015313767046 36.76016063149558 26.617094960083378
70 420.1679362789528 394.8017877292844 6420.0 1.9930401931161534 -0.7487901427278159 36.93401210188719 27.079296036457755
71 471.4432400397414 395.1840030596829 10773.0 11.14351658375185 -2.617555659301888 36.97003357621477 27.17525379318342
72 334.81059337588044 418.17871587605197 8840.0 5.604277791875165 -1.871299135453166 36.83078632026064 26.93614494212796
73 498.8725249490957 430.89374615069175 6538.0 2.2331197759367414 -0.872280043945213 36.9253379472126 27.251112977008077
74 369.50348004078444 431.7600567830632 64902.0 105.81795426842662 -5.061398403136529 36.831156713248184 27.010273468504412
75 536.8122984169753 431.9631785751922 24564.0 28.455075737727988 -3.635399364724993 36.95057391211702 27.322657729127677
76 588.5250977610114 443.9932232460133 7338.0 4.1170415359513575 -1.5364631213092848 36.96592430581344 27.427478409212892
77 308.29218581410817 466.18643883764526 6016.0 1.3603397113954132 -0.3341184407074216 36.72531177221634 26.9198185679528
78 407.59170102460143 481.17162629913213 19166.0 23.75031121978136 -3.439173262286228 36.769407539717896 27.11549049656281
79 104.62362977041124 485.8985952136141 9900.0 7.407847142092934 -2.1742300306916915 36.54398453625679 26.553334781664006
80 110.82457390478308 490.03718454648697 11057.0 8.105928618821071 -2.272006937513502 36.540968111948956 26.567766415658124
81 391.97405137431537 517.1614416493592 7295.0 2.9526866623836576 -1.1755434057483654 36.693388305006856 27.111205822407477
82 414.13842100931026 530.0102452647516 10207.0 6.856161019575809 -2.0902025215192137 36.68610873927398 27.161446670752262
83 17.40311326935353 546.0847624105418 15259.0 17.076808780458308 -3.0810167884634367 36.37311066082237 26.432134687519394
84 68.1483171957267 550.0935860198484 8677.0 4.614761785117198 -1.6603732189415246 36.402219051056925 26.52960843051101
85 708.0828901814057 551.3615466868076 5953.0 1.3542963357859428 -0.3292842585748054 36.85808972814034 27.724777010355783
86 726.2322930915901 564.3862063634165 7101.0 3.373491587921943 -1.320199078859352 36.847618869867304 27.767646317554274
87 165.0691895242044 569.0843814977056 6185.0 1.7240922911235694 -0.5914012750281274 36.437395495889 26.723608276092538
88 587.5485655654608 570.009486677455 10405.0 9.510988243830159 -2.445564112150029 36.7381988968796 27.5127092300145
89 1.613245694357759 577.4080627802235 4895.0 8.517706769115291 -2.3258067123934034 36.305375150280724 26.424304932416145
90 749.4325788310119 577.4334126726317 5008.0 8.586434058759318 -2.3345320975467576 36.84072352327946 27.819957526794635
